METHOD: BarnesHutMultiThreads NUMBER_OF_THREADS: 4 NUMBER_OF_PARTICLE: 0  NUMBER_OF_SLOT: 20  DELTA_TIME: 1 ACCURACY: 0.2
DATE:Wed Dec 10 18:29:35 2014

NEW_SLOT
NEW_SLOT

ANALYZE:
TOTALTIME_TABLE_START:
THREAD START
0 16165.9976576201750000
1 16165.9980957802040000
2 16165.9982714389530000
3 16165.9983049917480000

TOTALTIME_TABLE_END:
THREAD END
0 16166.0000414475710000
1 16166.0000414475710000
2 16166.0000675003280000
3 16166.0001018426010000

PARALLELTIME_START:
THREAD S0 S1 S2 S3 S4 S5 S6 S7 S8 S9 S10 S11 S12 S13 S14 S15 S16 S17 S18 S19 
0 16165.9983547288320000 16165.9985134138150000 16165.9985872299640000 16165.9986748619700000 16165.9988355206480000 16165.9989772318640000 16165.9991047324840000 16165.9992192067260000 16165.9993155229840000 16165.9994801290490000 16165.9995452609440000 16165.9996068401920000 16165.9996861826840000 16165.9997678936070000 16165.9998227622960000 16165.9998748678120000 16165.9999202627700000 16165.9999624998180000 16165.9999988157830000 16166.0000300001470000 
1 16165.9983567025270000 16165.9985153875100000 16165.9985781509730000 16165.9986594671590000 16165.9988315732590000 16165.9989724949970000 16165.9991047324840000 16165.9992144698610000 16165.9993202598490000 16165.9994832869580000 16165.9995492083330000 16165.9996044717590000 16165.9996806563410000 16165.9997572356610000 16165.9998235517720000 16165.9998728941190000 16165.9999226312030000 16165.9999628945570000 16166.0000019736940000 16166.0000280264520000 
2 16165.9983476235360000 16165.9985177559430000 16165.9985828878380000 16165.9986586776810000 16165.9988331522150000 16165.9989792055570000 16165.9991086798710000 16165.9992124961660000 16165.9993182861540000 16165.9994852606520000 16165.9995460504210000 16165.9996056559760000 16165.9996873668990000 16165.9997785515530000 16165.9998199991240000 16165.9998764467670000 16165.9999174995990000 16165.9999656577270000 16166.0000011842170000 16166.0000292106690000 
3 16165.9983523604010000 16165.9985094664280000 16165.9985805194060000 16165.9986590724200000 16165.9988284153500000 16165.9989685476100000 16165.9991094693490000 16165.9992219698960000 16165.9993151282450000 16165.9994931554280000 16165.9995511820250000 16165.9996032875420000 16165.9996838142510000 16165.9997738146890000 16165.9998188149070000 16165.9998709204250000 16165.9999249996360000 16165.9999656577270000 16166.0000000000000000 16166.0000268422370000 

PARALLELTIME_END:
THREAD S0 S1 S2 S3 S4 S5 S6 S7 S8 S9 S10 S11 S12 S13 S14 S15 S16 S17 S18 S19 
0 16165.9983551235710000 16165.9985138085540000 16165.9985884141810000 16165.9986752567090000 16165.9988359153870000 16165.9989776266030000 16165.9991063114390000 16165.9992196014650000 16165.9993163124620000 16165.9994813132650000 16165.9995480241160000 16165.9996174981390000 16165.9996865774230000 16165.9997694725630000 16165.9998231570330000 16165.9998756572900000 16165.9999210522470000 16165.9999632892960000 16165.9999996052610000 16166.0000303948850000 
1 16165.9983570972650000 16165.9985161769870000 16165.9985789404510000 16165.9986606513740000 16165.9988319679980000 16165.9989732844750000 16165.9991055219620000 16165.9992164435530000 16165.9993210493270000 16165.9994836816970000 16165.9995531557200000 16165.9996052612370000 16165.9996818405560000 16165.9997596040940000 16165.9998243412500000 16165.9998740783340000 16165.9999234206810000 16165.9999632892960000 16166.0000027631720000 16166.0000284211910000 
2 16165.9983499919670000 16165.9985181506820000 16165.9985832825770000 16165.9986594671590000 16165.9988339416920000 16165.9989803897730000 16165.9991094693490000 16165.9992263120240000 16165.9993186808930000 16165.9994860501300000 16165.9995468398990000 16165.9996060507150000 16165.9996889458540000 16165.9997797357700000 16165.9998215780800000 16165.9998772362450000 16165.9999182890770000 16165.9999660524660000 16166.0000019736940000 16166.0000296054080000 
3 16165.9983531498780000 16165.9985114401220000 16165.9985809141440000 16165.9986618355910000 16165.9988292048270000 16165.9989697318270000 16165.9991098640880000 16165.9992227593740000 16165.9993249967140000 16165.9994951291210000 16165.9995559188920000 16165.9996036822810000 16165.9996846037280000 16165.9997742094270000 16165.9998192096460000 16165.9998717099020000 16165.9999257891120000 16165.9999660524660000 16166.0000003947390000 16166.0000276317130000 

SOLOTIME_START_PART1:
THREAD S0 S1 S2 S3 S4 S5 S6 S7 S8 S9 S10 S11 S12 S13 S14 S15 S16 S17 S18 S19 
0 16165.9976714360330000 16165.9984676241180000 0.0000000000000000 16165.9986259143640000 0.0000000000000000 16165.9989184157880000 0.0000000000000000 0.0000000000000000 0.0000000000000000 16165.9994596026340000 16165.9995271029620000 0.0000000000000000 16165.9996621036190000 0.0000000000000000 0.0000000000000000 0.0000000000000000 0.0000000000000000 0.0000000000000000 0.0000000000000000 0.0000000000000000 
1 0.0000000000000000 0.0000000000000000 0.0000000000000000 0.0000000000000000 16165.9988165731870000 0.0000000000000000 16165.9990869692390000 0.0000000000000000 0.0000000000000000 0.0000000000000000 0.0000000000000000 0.0000000000000000 0.0000000000000000 0.0000000000000000 0.0000000000000000 16165.9998602624780000 0.0000000000000000 16165.9999569734750000 0.0000000000000000 16166.0000225001090000 
2 0.0000000000000000 0.0000000000000000 16165.9985619666840000 0.0000000000000000 0.0000000000000000 0.0000000000000000 0.0000000000000000 0.0000000000000000 0.0000000000000000 0.0000000000000000 0.0000000000000000 0.0000000000000000 0.0000000000000000 0.0000000000000000 16165.9998093411780000 0.0000000000000000 16165.9999044732190000 0.0000000000000000 0.0000000000000000 0.0000000000000000 
3 0.0000000000000000 0.0000000000000000 0.0000000000000000 0.0000000000000000 0.0000000000000000 0.0000000000000000 0.0000000000000000 16165.9991971013550000 16165.9992843386210000 0.0000000000000000 0.0000000000000000 16165.9995961822440000 0.0000000000000000 16165.9997173670450000 0.0000000000000000 0.0000000000000000 0.0000000000000000 0.0000000000000000 16165.9999936841800000 0.0000000000000000 

SOLOTIME_END_PART1:
THREAD S0 S1 S2 S3 S4 S5 S6 S7 S8 S9 S10 S11 S12 S13 S14 S15 S16 S17 S18 S19 
0 16165.9976757781590000 16165.9984719662460000 0.0000000000000000 16165.9986290722740000 0.0000000000000000 16165.9989523633210000 0.0000000000000000 0.0000000000000000 0.0000000000000000 16165.9994635500210000 16165.9995302608710000 0.0000000000000000 16165.9996648667890000 0.0000000000000000 0.0000000000000000 0.0000000000000000 0.0000000000000000 0.0000000000000000 0.0000000000000000 0.0000000000000000 
1 0.0000000000000000 0.0000000000000000 0.0000000000000000 0.0000000000000000 16165.9988205205740000 0.0000000000000000 16165.9990917061040000 0.0000000000000000 0.0000000000000000 0.0000000000000000 0.0000000000000000 0.0000000000000000 0.0000000000000000 0.0000000000000000 0.0000000000000000 16165.9998653940820000 0.0000000000000000 16165.9999589471700000 0.0000000000000000 16166.0000236843260000 
2 0.0000000000000000 0.0000000000000000 16165.9985651245930000 0.0000000000000000 0.0000000000000000 0.0000000000000000 0.0000000000000000 0.0000000000000000 0.0000000000000000 0.0000000000000000 0.0000000000000000 0.0000000000000000 0.0000000000000000 0.0000000000000000 16165.9998128938260000 0.0000000000000000 16165.9999064469140000 0.0000000000000000 0.0000000000000000 0.0000000000000000 
3 0.0000000000000000 0.0000000000000000 0.0000000000000000 0.0000000000000000 0.0000000000000000 0.0000000000000000 0.0000000000000000 16165.9992010487420000 16165.9992886807490000 0.0000000000000000 0.0000000000000000 16165.9995993401550000 0.0000000000000000 16165.9997193407400000 0.0000000000000000 0.0000000000000000 0.0000000000000000 0.0000000000000000 16165.9999956578740000 0.0000000000000000 

SOLOTIME_START_PART2:
THREAD S0 S1 S2 S3 S4 S5 S6 S7 S8 S9 S10 S11 S12 S13 S14 S15 S16 S17 S18 S19 
0 0.0000000000000000 0.0000000000000000 16165.9986113090290000 0.0000000000000000 16165.9988828892980000 0.0000000000000000 0.0000000000000000 0.0000000000000000 0.0000000000000000 16165.9995144713210000 0.0000000000000000 16165.9996498667170000 0.0000000000000000 0.0000000000000000 0.0000000000000000 0.0000000000000000 0.0000000000000000 0.0000000000000000 0.0000000000000000 16166.0000402633540000 
1 16165.9983795973750000 0.0000000000000000 0.0000000000000000 16165.9987601255430000 0.0000000000000000 0.0000000000000000 0.0000000000000000 0.0000000000000000 16165.9993526284270000 0.0000000000000000 0.0000000000000000 0.0000000000000000 0.0000000000000000 0.0000000000000000 16165.9998464466210000 0.0000000000000000 0.0000000000000000 0.0000000000000000 16166.0000122369020000 0.0000000000000000 
2 0.0000000000000000 16165.9985445981780000 0.0000000000000000 0.0000000000000000 0.0000000000000000 16165.9990135478290000 0.0000000000000000 16165.9992622332500000 0.0000000000000000 0.0000000000000000 0.0000000000000000 0.0000000000000000 0.0000000000000000 16165.9997986832310000 0.0000000000000000 16165.9998930257950000 0.0000000000000000 0.0000000000000000 0.0000000000000000 0.0000000000000000 
3 0.0000000000000000 0.0000000000000000 0.0000000000000000 0.0000000000000000 0.0000000000000000 0.0000000000000000 16165.9991536800920000 0.0000000000000000 0.0000000000000000 0.0000000000000000 16165.9995823663880000 0.0000000000000000 16165.9997047354050000 0.0000000000000000 0.0000000000000000 0.0000000000000000 16165.9999403944480000 16165.9999826314940000 0.0000000000000000 0.0000000000000000 

SOLOTIME_END_PART2:
THREAD S0 S1 S2 S3 S4 S5 S6 S7 S8 S9 S10 S11 S12 S13 S14 S15 S16 S17 S18 S19 
0 0.0000000000000000 0.0000000000000000 16165.9986117037680000 0.0000000000000000 16165.9988836787760000 0.0000000000000000 0.0000000000000000 0.0000000000000000 0.0000000000000000 16165.9995152607990000 0.0000000000000000 16165.9996502614560000 0.0000000000000000 0.0000000000000000 0.0000000000000000 0.0000000000000000 0.0000000000000000 0.0000000000000000 0.0000000000000000 16166.0000410528320000 
1 16165.9983803868530000 0.0000000000000000 0.0000000000000000 16165.9987609150210000 0.0000000000000000 0.0000000000000000 0.0000000000000000 0.0000000000000000 16165.9993763127530000 0.0000000000000000 0.0000000000000000 0.0000000000000000 0.0000000000000000 0.0000000000000000 16165.9998468413600000 0.0000000000000000 0.0000000000000000 0.0000000000000000 16166.0000126316410000 0.0000000000000000 
2 0.0000000000000000 16165.9985453876560000 0.0000000000000000 0.0000000000000000 0.0000000000000000 16165.9990139425680000 0.0000000000000000 16165.9992630227280000 0.0000000000000000 0.0000000000000000 0.0000000000000000 0.0000000000000000 0.0000000000000000 16165.9997990779700000 0.0000000000000000 16165.9998934205340000 0.0000000000000000 0.0000000000000000 0.0000000000000000 0.0000000000000000 
3 0.0000000000000000 0.0000000000000000 0.0000000000000000 0.0000000000000000 0.0000000000000000 0.0000000000000000 16165.9991544695680000 0.0000000000000000 0.0000000000000000 0.0000000000000000 16165.9995827611270000 0.0000000000000000 16165.9997055248820000 0.0000000000000000 0.0000000000000000 0.0000000000000000 16165.9999407891860000 16165.9999830262330000 0.0000000000000000 0.0000000000000000 

