METHOD: BarnesHutMultiThreads NUMBER_OF_THREADS: 1 NUMBER_OF_PARTICLE: 128  NUMBER_OF_SLOT: 20  DELTA_TIME: 1 ACCURACY: 0.2
DATE:Wed Dec 10 11:07:24 2014

NEW_SLOT
0: 0.0078125 -0.561583 -0.0653953 0 -0.106656 -0.119243 0 0 0 0 
1: 0.0078125 4.85715 -0.32989 0 0.388497 0.20792 0 0 0 0 
2: 0.0078125 0.593217 0.235838 0 0.0567244 -0.0189743 0 0 0 0 
3: 0.0078125 0.425112 -0.0570265 0 -0.76996 0.739456 0 0 0 0 
4: 0.0078125 -0.0244972 0.862396 0 0.128044 0.160373 0 0 0 0 
5: 0.0078125 -0.513309 -0.167869 0 0.349379 0.347551 0 0 0 0 
6: 0.0078125 -0.264388 -0.746426 0 0.639579 -0.373554 0 0 0 0 
7: 0.0078125 0.417573 0.310909 0 -0.0583432 -0.00363399 0 0 0 0 
8: 0.0078125 0.154153 0.41177 0 -0.787805 0.105596 0 0 0 0 
9: 0.0078125 -4.6044 1.10861 0 -0.139234 -0.143949 0 0 0 0 
10: 0.0078125 -0.706602 -0.0472532 0 -0.0727336 0.334968 0 0 0 0 
11: 0.0078125 -0.192172 -0.337933 0 -0.901189 -0.475339 0 0 0 0 
12: 0.0078125 0.179866 -0.268977 0 0.223589 -0.0170284 0 0 0 0 
13: 0.0078125 2.96078 -1.41116 0 0.0559445 0.257364 0 0 0 0 
14: 0.0078125 0.172295 0.207404 0 0.0956968 0.253246 0 0 0 0 
15: 0.0078125 -0.514109 0.144286 0 0.208169 0.789467 0 0 0 0 
16: 0.0078125 -0.177585 1.20233 0 0.312979 0.106783 0 0 0 0 
17: 0.0078125 0.448221 0.578203 0 0.214575 -0.474873 0 0 0 0 
18: 0.0078125 -0.0329403 2.75999 0 0.146503 0.150967 0 0 0 0 
19: 0.0078125 0.0113743 0.139806 0 -0.140107 -0.237034 0 0 0 0 
20: 0.0078125 -0.143066 0.451225 0 -0.0682482 0.395516 0 0 0 0 
21: 0.0078125 -0.772185 0.292455 0 -0.283089 -0.0587602 0 0 0 0 
22: 0.0078125 0.0261782 0.18092 0 0.00541864 -0.303779 0 0 0 0 
23: 0.0078125 -0.357691 -0.326914 0 -0.101559 -0.639916 0 0 0 0 
24: 0.0078125 -0.941137 -0.113388 0 0.391073 0.214316 0 0 0 0 
25: 0.0078125 -0.206825 -0.429225 0 -0.636147 -0.506036 0 0 0 0 
26: 0.0078125 -0.281783 0.357202 0 0.110573 -0.205025 0 0 0 0 
27: 0.0078125 0.14681 -0.0808604 0 0.227999 -0.00231039 0 0 0 0 
28: 0.0078125 -0.00283323 0.497696 0 0.309578 -0.454582 0 0 0 0 
29: 0.0078125 -0.364943 0.0668188 0 -0.441061 -0.0287642 0 0 0 0 
30: 0.0078125 -0.593893 -0.457863 0 0.449883 0.156787 0 0 0 0 
31: 0.0078125 0.721056 0.708421 0 0.417303 0.261432 0 0 0 0 
32: 0.0078125 2.79888 -3.81444 0 -0.0788148 -0.11228 0 0 0 0 
33: 0.0078125 -0.264817 0.580976 0 0.204712 0.501081 0 0 0 0 
34: 0.0078125 0.159077 -0.194931 0 0.248306 0.127007 0 0 0 0 
35: 0.0078125 0.384243 -0.474148 0 -0.591088 0.138479 0 0 0 0 
36: 0.0078125 0.891879 -0.981796 0 0.369926 0.0436471 0 0 0 0 
37: 0.0078125 -0.23801 -0.340323 0 -0.683381 -0.537409 0 0 0 0 
38: 0.0078125 -0.54539 0.331053 0 -0.358726 0.405047 0 0 0 0 
39: 0.0078125 0.329465 -0.0716469 0 -0.904883 0.196906 0 0 0 0 
40: 0.0078125 -0.245302 0.0406106 0 -0.948876 -0.0264139 0 0 0 0 
41: 0.0078125 -0.0547374 -0.214788 0 0.373441 0.48664 0 0 0 0 
42: 0.0078125 -0.808209 -0.785836 0 -0.130457 -0.260229 0 0 0 0 
43: 0.0078125 0.130226 0.251818 0 0.72646 0.0983734 0 0 0 0 
44: 0.0078125 0.816609 0.638435 0 0.201578 -0.0997548 0 0 0 0 
45: 0.0078125 0.0335484 0.160705 0 -0.458248 -0.328877 0 0 0 0 
46: 0.0078125 0.289742 0.0851022 0 0.0590116 -0.146066 0 0 0 0 
47: 0.0078125 0.803008 0.235945 0 -0.182219 -0.204981 0 0 0 0 
48: 0.0078125 -0.11325 0.0231081 0 0.422542 -0.281747 0 0 0 0 
49: 0.0078125 0.839393 -0.790337 0 0.0761422 -0.195154 0 0 0 0 
50: 0.0078125 -0.376874 0.196914 0 0.378496 -0.0721329 0 0 0 0 
51: 0.0078125 -0.0851764 -0.633248 0 -0.0371911 0.124373 0 0 0 0 
52: 0.0078125 1.26564 -0.693253 0 -0.0656925 -0.31456 0 0 0 0 
53: 0.0078125 0.540138 0.838819 0 -0.0695378 0.267221 0 0 0 0 
54: 0.0078125 0.718664 -0.866464 0 0.0328011 0.624732 0 0 0 0 
55: 0.0078125 0.0709217 0.289103 0 -0.541128 -0.273111 0 0 0 0 
56: 0.0078125 0.165375 0.253924 0 -0.302709 0.206246 0 0 0 0 
57: 0.0078125 0.30295 0.45103 0 -0.675552 -0.309687 0 0 0 0 
58: 0.0078125 1.91037 1.48552 0 -0.0572668 -0.167331 0 0 0 0 
59: 0.0078125 -0.203928 2.21686 0 0.370893 -0.154465 0 0 0 0 
60: 0.0078125 -0.141565 0.121267 0 -0.324136 1.06391 0 0 0 0 
61: 0.0078125 0.882969 0.318097 0 0.0106645 -0.0603032 0 0 0 0 
62: 0.0078125 1.68156 -0.970704 0 -0.112403 -0.0539148 0 0 0 0 
63: 0.0078125 1.29341 -0.0844446 0 0.151948 0.0359666 0 0 0 0 
64: 0.0078125 0.291916 -0.66188 0 0.484397 0.00628293 0 0 0 0 
65: 0.0078125 -1.71339 0.0747937 0 0.0883908 0.167971 0 0 0 0 
66: 0.0078125 -0.565081 0.567638 0 0.800165 0.147079 0 0 0 0 
67: 0.0078125 -0.0303471 -0.111797 0 0.424151 0.598671 0 0 0 0 
68: 0.0078125 -0.0155903 0.643337 0 -0.786376 -0.700514 0 0 0 0 
69: 0.0078125 -0.588343 0.0779538 0 0.374293 -0.114633 0 0 0 0 
70: 0.0078125 0.355267 0.525516 0 0.824373 0.192267 0 0 0 0 
71: 0.0078125 -0.198203 -0.0887213 0 -1.21444 -0.161621 0 0 0 0 
72: 0.0078125 -0.740972 0.0310601 0 0.387634 0.0924198 0 0 0 0 
73: 0.0078125 0.569375 -0.262927 0 -0.144403 0.290308 0 0 0 0 
74: 0.0078125 0.360238 0.275522 0 0.617527 -0.611949 0 0 0 0 
75: 0.0078125 -0.0064339 0.0887533 0 -0.0160654 0.323666 0 0 0 0 
76: 0.0078125 -1.79199 0.537769 0 -0.0734387 0.062987 0 0 0 0 
77: 0.0078125 0.387556 0.057369 0 0.531833 -0.105745 0 0 0 0 
78: 0.0078125 -0.10987 0.0479845 0 -0.0169497 0.664175 0 0 0 0 
79: 0.0078125 -0.106214 -0.722274 0 0.0282852 -0.0869342 0 0 0 0 
80: 0.0078125 0.342844 -0.542864 0 -0.102149 -0.623591 0 0 0 0 
81: 0.0078125 -0.725277 -0.447739 0 0.334304 -0.515125 0 0 0 0 
82: 0.0078125 0.969074 0.310329 0 -0.383845 -0.242729 0 0 0 0 
83: 0.0078125 -0.232385 0.0059024 0 -0.386223 -0.814792 0 0 0 0 
84: 0.0078125 -0.0367583 -0.334258 0 0.0163862 -0.119574 0 0 0 0 
85: 0.0078125 1.80821 -2.26263 0 0.378456 0.0762455 0 0 0 0 
86: 0.0078125 0.22541 0.634131 0 0.380069 0.33213 0 0 0 0 
87: 0.0078125 0.0552975 0.094628 0 0.368528 -0.245958 0 0 0 0 
88: 0.0078125 -0.179737 -0.28451 0 -0.0659155 0.575576 0 0 0 0 
89: 0.0078125 -0.441753 -0.187676 0 -0.66282 -0.61283 0 0 0 0 
90: 0.0078125 -1.0584 1.07063 0 0.162732 -0.0782579 0 0 0 0 
91: 0.0078125 0.230667 0.562123 0 -0.415535 -0.272224 0 0 0 0 
92: 0.0078125 -0.431271 0.941882 0 -0.428963 0.124475 0 0 0 0 
93: 0.0078125 -0.90623 0.0540758 0 -0.65604 -0.471803 0 0 0 0 
94: 0.0078125 0.283421 0.0618804 0 -0.37221 0.120181 0 0 0 0 
95: 0.0078125 -0.355921 -0.902373 0 0.151032 0.290279 0 0 0 0 
96: 0.0078125 -0.325479 0.195602 0 0.640861 0.337243 0 0 0 0 
97: 0.0078125 -0.632459 -0.804121 0 0.180773 -0.684755 0 0 0 0 
98: 0.0078125 -0.223916 -0.204337 0 -0.287444 0.570525 0 0 0 0 
99: 0.0078125 -0.584846 -0.911429 0 0.132051 -0.284014 0 0 0 0 
100: 0.0078125 -0.842329 -1.01827 0 -0.15094 -0.000502812 0 0 0 0 
101: 0.0078125 -2.09965 0.802379 0 0.111709 -0.804081 0 0 0 0 
102: 0.0078125 0.118922 -0.588657 0 -0.337486 -0.720821 0 0 0 0 
103: 0.0078125 0.191582 -0.275471 0 0.234431 0.285525 0 0 0 0 
104: 0.0078125 -0.0107175 0.324655 0 -0.595578 0.0244533 0 0 0 0 
105: 0.0078125 0.197357 -0.500572 0 -0.708116 0.726939 0 0 0 0 
106: 0.0078125 -0.213168 -0.232943 0 0.613535 0.583002 0 0 0 0 
107: 0.0078125 0.016383 0.643089 0 -0.0746607 0.74576 0 0 0 0 
108: 0.0078125 -2.02546 2.33873 0 -0.201238 -0.063544 0 0 0 0 
109: 0.0078125 -1.37384 -0.345245 0 0.0937159 0.726463 0 0 0 0 
110: 0.0078125 -0.53505 0.194187 0 0.438337 0.321718 0 0 0 0 
111: 0.0078125 0.393129 0.396318 0 -0.232077 0.673534 0 0 0 0 
112: 0.0078125 1.65585 1.51472 0 0.12452 -0.0738437 0 0 0 0 
113: 0.0078125 0.050741 -0.176364 0 -0.0118441 -0.275304 0 0 0 0 
114: 0.0078125 -0.69282 -0.315554 0 -0.124871 -0.0726118 0 0 0 0 
115: 0.0078125 -4.49378 0.158931 0 0.0428135 -0.368193 0 0 0 0 
116: 0.0078125 0.151977 -0.12238 0 0.286413 0.547764 0 0 0 0 
117: 0.0078125 -0.151974 -0.456876 0 -0.0888675 -0.0692045 0 0 0 0 
118: 0.0078125 0.0172932 0.450232 0 0.213424 -0.394811 0 0 0 0 
119: 0.0078125 -0.258719 -0.221393 0 -0.312324 -0.884635 0 0 0 0 
120: 0.0078125 0.336438 -0.0474728 0 0.335346 -0.189319 0 0 0 0 
121: 0.0078125 -0.000520494 -0.0606313 0 0.710945 0.430098 0 0 0 0 
122: 0.0078125 0.554218 -0.381913 0 -0.0101308 -0.750426 0 0 0 0 
123: 0.0078125 0.202166 0.0601055 0 -0.0454595 0.846733 0 0 0 0 
124: 0.0078125 0.320666 0.208203 0 0.366862 -0.183597 0 0 0 0 
125: 0.0078125 0.046223 -0.839237 0 0.469524 -0.378442 0 0 0 0 
126: 0.0078125 -1.59413 -0.316486 0 0.00824341 -0.178253 0 0 0 0 
127: 0.0078125 3.07216 -2.60047 0 0.220359 0.130017 0 0 0 0 
NEW_SLOT
0: 0.0078125 -2.6947 -2.45026 0 -0.106656 -0.119243 0 4.7912e-013 7.16689e-013 0 
1: 0.0078125 12.6271 3.82851 0 0.388497 0.20792 0 -2.42255e-013 -9.71561e-014 0 
2: 0.0078125 1.7277 -0.143648 0 0.0567244 -0.0189743 0 1.50767e-012 -2.32221e-012 0 
3: 0.0078125 -14.9741 14.7321 0 -0.76996 0.739456 0 4.26982e-013 -3.27114e-013 0 
4: 0.0078125 2.53638 4.06986 0 0.128044 0.160373 0 2.89766e-013 1.12745e-012 0 
5: 0.0078125 6.47427 6.78315 0 0.349379 0.347551 0 1.4335e-013 -4.19082e-013 0 
6: 0.0078125 12.5272 -8.21751 0 0.639579 -0.373554 0 -3.41179e-013 1.65873e-013 0 
7: 0.0078125 -0.749291 0.238229 0 -0.0583432 -0.00363399 0 3.5805e-013 -3.16033e-013 0 
8: 0.0078125 -15.6019 2.52369 0 -0.787805 0.105596 0 1.85788e-013 -4.3271e-014 0 
9: 0.0078125 -7.38908 -1.77037 0 -0.139234 -0.143949 0 5.07849e-013 2.22862e-013 0 
10: 0.0078125 -2.16127 6.65211 0 -0.0727336 0.334968 0 6.57242e-013 -6.84956e-013 0 
11: 0.0078125 -18.216 -9.84471 0 -0.901189 -0.475339 0 2.59313e-013 4.53778e-014 0 
12: 0.0078125 4.65165 -0.609545 0 0.223589 -0.0170284 0 7.14762e-014 2.3867e-012 0 
13: 0.0078125 4.07967 3.73612 0 0.0559445 0.257364 0 1.34787e-015 -2.10688e-013 0 
14: 0.0078125 2.08623 5.27232 0 0.0956968 0.253246 0 1.51347e-012 -1.0796e-012 0 
15: 0.0078125 3.64927 15.9336 0 0.208169 0.789467 0 -1.32864e-013 -3.25163e-013 0 
16: 0.0078125 6.08199 3.33799 0 0.312979 0.106783 0 -1.47104e-013 -2.00287e-013 0 
17: 0.0078125 4.73972 -8.91926 0 0.214575 -0.474873 0 6.52235e-014 6.27725e-013 0 
18: 0.0078125 2.89712 5.77933 0 0.146503 0.150967 0 -4.20057e-013 -1.37781e-012 0 
19: 0.0078125 -2.79077 -4.60087 0 -0.140107 -0.237034 0 5.45528e-013 1.43474e-012 0 
20: 0.0078125 -1.50803 8.36154 0 -0.0682482 0.395516 0 2.00448e-013 -5.94836e-013 0 
21: 0.0078125 -6.43396 -0.882749 0 -0.283089 -0.0587602 0 2.03584e-013 -7.93743e-014 0 
22: 0.0078125 0.134551 -5.89466 0 0.00541864 -0.303779 0 -3.10846e-012 2.27397e-012 0 
23: 0.0078125 -2.38887 -13.1252 0 -0.101559 -0.639916 0 1.17023e-012 3.54856e-013 0 
24: 0.0078125 6.88032 4.17293 0 0.391073 0.214316 0 -6.95415e-013 -6.4488e-013 0 
25: 0.0078125 -12.9298 -10.5499 0 -0.636147 -0.506036 0 -4.65462e-013 -5.64094e-014 0 
26: 0.0078125 1.92968 -3.7433 0 0.110573 -0.205025 0 -5.49815e-013 6.06567e-013 0 
27: 0.0078125 4.70679 -0.127068 0 0.227999 -0.00231039 0 -2.29389e-012 -1.00959e-012 0 
28: 0.0078125 6.18873 -8.59394 0 0.309578 -0.454582 0 -5.05261e-013 3.17777e-013 0 
29: 0.0078125 -9.18616 -0.508465 0 -0.441061 -0.0287642 0 4.83339e-013 -4.37356e-014 0 
30: 0.0078125 8.40377 2.67788 0 0.449883 0.156787 0 -8.04711e-013 -2.90698e-013 0 
31: 0.0078125 9.06712 5.93706 0 0.417303 0.261432 0 -8.94789e-013 9.88738e-014 0 
32: 0.0078125 1.22258 -6.06004 0 -0.0788148 -0.11228 0 2.29853e-013 2.59615e-013 0 
33: 0.0078125 3.82942 10.6026 0 0.204712 0.501081 0 1.06388e-014 -3.20599e-013 0 
34: 0.0078125 5.1252 2.34521 0 0.248306 0.127007 0 -1.83554e-014 -1.07424e-013 0 
35: 0.0078125 -11.4375 2.29543 0 -0.591088 0.138479 0 2.89824e-013 -3.22222e-013 0 
36: 0.0078125 8.2904 -0.108854 0 0.369926 0.0436471 0 -1.8077e-012 -4.38657e-013 0 
37: 0.0078125 -13.9056 -11.0885 0 -0.683381 -0.537409 0 5.37826e-013 1.99705e-013 0 
38: 0.0078125 -7.71991 8.43199 0 -0.358726 0.405047 0 2.66622e-013 -1.86687e-013 0 
39: 0.0078125 -17.7682 3.86647 0 -0.904883 0.196906 0 2.6111e-013 -1.29443e-013 0 
40: 0.0078125 -19.2228 -0.487667 0 -0.948876 -0.0264139 0 2.02758e-013 1.16374e-014 0 
41: 0.0078125 7.41408 9.51801 0 0.373441 0.48664 0 -2.44067e-013 -3.97171e-013 0 
42: 0.0078125 -3.41735 -5.99042 0 -0.130457 -0.260229 0 3.63263e-013 3.95199e-013 0 
43: 0.0078125 14.6594 2.21929 0 0.72646 0.0983734 0 -2.8028e-013 3.05589e-013 0 
44: 0.0078125 4.84817 -1.35666 0 0.201578 -0.0997548 0 -4.54835e-013 1.81894e-012 0 
45: 0.0078125 -9.13141 -6.41683 0 -0.458248 -0.328877 0 2.41141e-013 4.06807e-013 0 
46: 0.0078125 1.46997 -2.83622 0 0.0590116 -0.146066 0 -9.27057e-013 2.96267e-013 0 
47: 0.0078125 -2.84137 -3.86367 0 -0.182219 -0.204981 0 7.86255e-013 -3.98372e-013 0 
48: 0.0078125 8.33759 -5.61183 0 0.422542 -0.281747 0 -7.35783e-013 7.27889e-013 0 
49: 0.0078125 2.36224 -4.69342 0 0.0761422 -0.195154 0 -6.64222e-013 6.52834e-013 0 
50: 0.0078125 7.19305 -1.24574 0 0.378496 -0.0721329 0 -1.54612e-013 2.57502e-012 0 
51: 0.0078125 -0.828998 1.85421 0 -0.0371911 0.124373 0 3.03352e-013 -3.75546e-013 0 
52: 0.0078125 -0.04821 -6.98445 0 -0.0656925 -0.31456 0 3.51584e-013 1.44385e-012 0 
53: 0.0078125 -0.850618 6.18324 0 -0.0695378 0.267221 0 1.12919e-012 6.15757e-013 0 
54: 0.0078125 1.37469 11.6282 0 0.0328011 0.624732 0 -6.07132e-014 -2.33233e-013 0 
55: 0.0078125 -10.7516 -5.17312 0 -0.541128 -0.273111 0 3.71018e-013 2.24509e-014 0 
56: 0.0078125 -5.88881 4.37884 0 -0.302709 0.206246 0 2.38501e-013 -3.40249e-013 0 
57: 0.0078125 -13.2081 -5.74271 0 -0.675552 -0.309687 0 3.37437e-013 2.87932e-014 0 
58: 0.0078125 0.765034 -1.8611 0 -0.0572668 -0.167331 0 -3.85648e-013 -7.10228e-013 0 
59: 0.0078125 7.21393 -0.87244 0 0.370893 -0.154465 0 1.75867e-013 -1.65509e-012 0 
60: 0.0078125 -6.62428 21.3995 0 -0.324136 1.06391 0 6.35901e-014 -1.59677e-013 0 
61: 0.0078125 1.09626 -0.887967 0 0.0106645 -0.0603032 0 4.79282e-013 -4.11683e-013 0 
62: 0.0078125 -0.5665 -2.049 0 -0.112403 -0.0539148 0 1.1752e-012 -4.73151e-013 0 
63: 0.0078125 4.33237 0.634887 0 0.151948 0.0359666 0 -2.36648e-013 -3.05434e-012 0 
64: 0.0078125 9.97986 -0.536221 0 0.484397 0.00628293 0 -2.26031e-012 -8.0711e-013 0 
65: 0.0078125 0.054426 3.43421 0 0.0883908 0.167971 0 2.05706e-013 -2.594e-013 0 
66: 0.0078125 15.4382 3.50922 0 0.800165 0.147079 0 -3.73497e-013 -1.28973e-013 0 
67: 0.0078125 8.45267 11.8616 0 0.424151 0.598671 0 -2.41121e-013 -4.29456e-013 0 
68: 0.0078125 -15.7431 -13.3669 0 -0.786376 -0.700514 0 3.05665e-013 2.83928e-013 0 
69: 0.0078125 6.89752 -2.21471 0 0.374293 -0.114633 0 5.62112e-015 8.16175e-013 0 
70: 0.0078125 16.8427 4.37086 0 0.824373 0.192267 0 -5.34093e-013 -1.73492e-013 0 
71: 0.0078125 -24.487 -3.32114 0 -1.21444 -0.161621 0 1.45665e-013 1.27013e-014 0 
72: 0.0078125 7.01171 1.87946 0 0.387634 0.0924198 0 -4.26696e-013 -1.26917e-013 0 
73: 0.0078125 -2.31868 5.54323 0 -0.144403 0.290308 0 5.86957e-013 3.0191e-013 0 
74: 0.0078125 12.7108 -11.9635 0 0.617527 -0.611949 0 -2.00884e-013 2.30211e-013 0 
75: 0.0078125 -0.327742 6.56207 0 -0.0160654 0.323666 0 -1.34044e-012 -1.25506e-012 0 
76: 0.0078125 -3.26076 1.79751 0 -0.0734387 0.062987 0 3.34074e-013 -2.84359e-013 0 
77: 0.0078125 11.0242 -2.05753 0 0.531833 -0.105745 0 -8.10657e-013 3.62671e-013 0 
78: 0.0078125 -0.448864 13.3315 0 -0.0169497 0.664175 0 2.97727e-013 -4.71473e-014 0 
79: 0.0078125 0.45949 -2.46096 0 0.0282852 -0.0869342 0 -3.23736e-012 -4.53506e-012 0 
80: 0.0078125 -1.70014 -13.0147 0 -0.102149 -0.623591 0 -9.46153e-013 4.35161e-014 0 
81: 0.0078125 5.9608 -10.7502 0 0.334304 -0.515125 0 -1.99586e-013 5.68979e-013 0 
82: 0.0078125 -6.70783 -4.54425 0 -0.383845 -0.242729 0 9.33483e-014 1.72569e-013 0 
83: 0.0078125 -7.95684 -16.2899 0 -0.386223 -0.814792 0 2.81445e-013 2.29452e-013 0 
84: 0.0078125 0.290966 -2.72574 0 0.0163862 -0.119574 0 3.95675e-012 6.33432e-012 0 
85: 0.0078125 9.37733 -0.73772 0 0.378456 0.0762455 0 3.52227e-013 9.44187e-013 0 
86: 0.0078125 7.82679 7.27673 0 0.380069 0.33213 0 3.79781e-014 -1.31772e-012 0 
87: 0.0078125 7.42586 -4.82453 0 0.368528 -0.245958 0 -1.88226e-013 9.2815e-013 0 
88: 0.0078125 -1.49805 11.227 0 -0.0659155 0.575576 0 1.99355e-013 -2.07473e-013 0 
89: 0.0078125 -13.6982 -12.4443 0 -0.66282 -0.61283 0 3.35559e-014 5.8551e-013 0 
90: 0.0078125 2.19624 -0.494528 0 0.162732 -0.0782579 0 -2.23043e-012 1.04276e-012 0 
91: 0.0078125 -8.08003 -4.88236 0 -0.415535 -0.272224 0 4.28328e-013 1.49815e-013 0 
92: 0.0078125 -9.01053 3.43138 0 -0.428963 0.124475 0 3.70976e-013 -2.89935e-013 0 
93: 0.0078125 -14.027 -9.38198 0 -0.65604 -0.471803 0 3.32274e-013 -2.69148e-013 0 
94: 0.0078125 -7.16078 2.4655 0 -0.37221 0.120181 0 3.76761e-013 -2.7193e-013 0 
95: 0.0078125 2.66472 4.90321 0 0.151032 0.290279 0 -7.88106e-013 -2.31882e-013 0 
96: 0.0078125 12.4917 6.94046 0 0.640861 0.337243 0 -2.83128e-013 -1.73999e-013 0 
97: 0.0078125 2.983 -14.4992 0 0.180773 -0.684755 0 -1.94689e-013 2.70756e-013 0 
98: 0.0078125 -5.9728 11.2062 0 -0.287444 0.570525 0 2.28409e-013 -2.14618e-013 0 
99: 0.0078125 2.05617 -6.59171 0 0.132051 -0.284014 0 -1.1335e-012 1.17905e-012 0 
100: 0.0078125 -3.86113 -1.02833 0 -0.15094 -0.000502812 0 9.57312e-013 -6.41324e-013 0 
101: 0.0078125 0.13453 -15.2792 0 0.111709 -0.804081 0 3.26111e-012 -1.24485e-012 0 
102: 0.0078125 -6.6308 -15.0051 0 -0.337486 -0.720821 0 -8.46218e-015 4.44534e-014 0 
103: 0.0078125 4.8802 5.43503 0 0.234431 0.285525 0 -1.91187e-013 -5.60784e-013 0 
104: 0.0078125 -11.9223 0.813721 0 -0.595578 0.0244533 0 4.28869e-013 1.67723e-013 0 
105: 0.0078125 -13.965 14.0382 0 -0.708116 0.726939 0 -1.80868e-013 1.08337e-013 0 
106: 0.0078125 12.0575 11.4271 0 0.613535 0.583002 0 -2.41521e-013 -2.85976e-013 0 
107: 0.0078125 -1.47683 15.5583 0 -0.0746607 0.74576 0 2.50884e-013 -2.56433e-013 0 
108: 0.0078125 -6.05022 1.06785 0 -0.201238 -0.063544 0 2.01464e-013 -1.07497e-013 0 
109: 0.0078125 0.500478 14.184 0 0.0937159 0.726463 0 -3.33143e-013 -5.31064e-013 0 
110: 0.0078125 8.23169 6.62855 0 0.438337 0.321718 0 -6.25179e-013 2.87693e-013 0 
111: 0.0078125 -4.24841 13.867 0 -0.232077 0.673534 0 2.28118e-013 -2.64807e-013 0 
112: 0.0078125 4.14625 0.037846 0 0.12452 -0.0738437 0 2.67078e-012 1.03335e-013 0 
113: 0.0078125 -0.186141 -5.68244 0 -0.0118441 -0.275304 0 3.86043e-012 -1.81367e-012 0 
114: 0.0078125 -3.19024 -1.76779 0 -0.124871 -0.0726118 0 9.03719e-013 -4.08872e-013 0 
115: 0.0078125 -3.63751 -7.20493 0 0.0428135 -0.368193 0 4.22213e-013 8.35211e-013 0 
116: 0.0078125 5.88024 10.8329 0 0.286413 0.547764 0 -8.42941e-014 -4.54384e-013 0 
117: 0.0078125 -1.92932 -1.84097 0 -0.0888675 -0.0692045 0 -1.06962e-013 -5.40059e-013 0 
118: 0.0078125 4.28577 -7.44599 0 0.213424 -0.394811 0 -1.22539e-013 2.25928e-013 0 
119: 0.0078125 -6.5052 -17.9141 0 -0.312324 -0.884635 0 -8.35298e-015 3.56111e-013 0 
120: 0.0078125 7.04336 -3.83385 0 0.335346 -0.189319 0 8.09838e-013 7.11348e-013 0 
121: 0.0078125 14.2184 8.54133 0 0.710945 0.430098 0 -3.61666e-013 -2.43724e-013 0 
122: 0.0078125 0.351602 -15.3904 0 -0.0101308 -0.750426 0 -3.31337e-012 1.95109e-012 0 
123: 0.0078125 -0.707024 16.9948 0 -0.0454595 0.846733 0 -4.98217e-014 -5.53444e-013 0 
124: 0.0078125 7.65791 -3.46374 0 0.366862 -0.183597 0 -1.46384e-012 -1.80492e-013 0 
125: 0.0078125 9.4367 -8.40808 0 0.469524 -0.378442 0 -3.14496e-013 3.35083e-013 0 
126: 0.0078125 -1.42926 -3.88155 0 0.00824341 -0.178253 0 -9.63311e-014 4.63887e-013 0 
127: 0.0078125 7.47934 -0.00013 0 0.220359 0.130017 0 8.7008e-015 -1.23626e-012 0 
PARTICLE_OUT_OF_AREA: 0

ANALYZE:
TOTALTIME_TABLE_START:
THREAD START
0 2792.8630136445563000

TOTALTIME_TABLE_END:
THREAD END
0 2794.1045873435551000

PARALLELTIME_START:
THREAD S0 S1 S2 S3 S4 S5 S6 S7 S8 S9 S10 S11 S12 S13 S14 S15 S16 S17 S18 S19 
0 2792.9074514135218000 2792.9802010643748000 2793.0477038413651000 2793.1146180621618000 2793.1930345894198000 2793.2611867124460000 2793.3513901531510000 2793.4045591591739000 2793.4598108093810000 2793.5119167826542000 2793.5616306361853000 2793.6144538506419000 2793.6670327215138000 2793.7146678782528000 2793.7643991003101000 2793.8160471760748000 2793.8799250627044000 2793.9522266845297000 2794.0191831424240000 2794.0745334774392000 

PARALLELTIME_END:
THREAD S0 S1 S2 S3 S4 S5 S6 S7 S8 S9 S10 S11 S12 S13 S14 S15 S16 S17 S18 S19 
0 2792.9456937502514000 2793.0231786929235000 2793.0861502582779000 2793.1558931804061000 2793.2325653550006000 2793.3080221275022000 2793.3823175771854000 2793.4338949946277000 2793.4914215270251000 2793.5421388076820000 2793.5929527994513000 2793.6422209923903000 2793.6970700085817000 2793.7477418942271000 2793.7941616488729000 2793.8556517578922000 2793.9258067877777000 2793.9950941808333000 2794.0528220302385000 2794.1045873435551000 

SOLOTIME_START_PART1:
THREAD S0 S1 S2 S3 S4 S5 S6 S7 S8 S9 S10 S11 S12 S13 S14 S15 S16 S17 S18 S19 
0 2792.8630140392956000 2792.9456941449907000 2793.0231786929235000 2793.0861506530173000 2793.1558935751455000 2793.2325657497399000 2793.3080229169809000 2793.3823175771854000 2793.4338953893666000 2793.4914215270251000 2793.5421392024214000 2793.5929531941902000 2793.6422213871292000 2793.6970704033210000 2793.7477418942271000 2793.7941620436122000 2793.8556521526316000 2793.9258075772564000 2793.9950941808333000 2794.0528224249779000 

SOLOTIME_END_PART1:
THREAD S0 S1 S2 S3 S4 S5 S6 S7 S8 S9 S10 S11 S12 S13 S14 S15 S16 S17 S18 S19 
0 2792.9074510187825000 2792.9802010643748000 2793.0477038413651000 2793.1146176674229000 2793.1930341946804000 2793.2611863177067000 2793.3513897584116000 2793.4045591591739000 2793.4598108093810000 2793.5119167826542000 2793.5616306361853000 2793.6144538506419000 2793.6670327215138000 2793.7146678782528000 2793.7643987055712000 2793.8160467813359000 2793.8799250627044000 2793.9522266845297000 2794.0191827476851000 2794.0745334774392000 

SOLOTIME_START_PART2:
THREAD S0 S1 S2 S3 S4 S5 S6 S7 S8 S9 S10 S11 S12 S13 S14 S15 S16 S17 S18 S19 
0 0.0000000000000000 0.0000000000000000 0.0000000000000000 0.0000000000000000 0.0000000000000000 0.0000000000000000 0.0000000000000000 0.0000000000000000 0.0000000000000000 0.0000000000000000 0.0000000000000000 0.0000000000000000 0.0000000000000000 0.0000000000000000 0.0000000000000000 0.0000000000000000 0.0000000000000000 0.0000000000000000 0.0000000000000000 0.0000000000000000 

SOLOTIME_END_PART2:
THREAD S0 S1 S2 S3 S4 S5 S6 S7 S8 S9 S10 S11 S12 S13 S14 S15 S16 S17 S18 S19 
0 0.0000000000000000 0.0000000000000000 0.0000000000000000 0.0000000000000000 0.0000000000000000 0.0000000000000000 0.0000000000000000 0.0000000000000000 0.0000000000000000 0.0000000000000000 0.0000000000000000 0.0000000000000000 0.0000000000000000 0.0000000000000000 0.0000000000000000 0.0000000000000000 0.0000000000000000 0.0000000000000000 0.0000000000000000 0.0000000000000000 

SUMMARY:
"TIME_PER_SLOT" "NONE_PARALLEL_FRACTION" "DIFFERENCE_PARALLEL_SECTION"
"1" 0.0620786849499382 0.420603851920812 0
