METHOD: Basic NUMBER_OF_THREADS: 1 NUMBER_OF_PARTICLE: 128  NUMBER_OF_SLOT: 100  DELTA_TIME: 0.01
DATE:Thu Dec 11 10:57:34 2014

NEW_SLOT
0: 0.0078125 -0.561583 -0.0653953 0 -0.106656 -0.119243 0 0 0 0 
1: 0.0078125 4.85715 -0.32989 0 0.388497 0.20792 0 0 0 0 
2: 0.0078125 0.593217 0.235838 0 0.0567244 -0.0189743 0 0 0 0 
3: 0.0078125 0.425112 -0.0570265 0 -0.76996 0.739456 0 0 0 0 
4: 0.0078125 -0.0244972 0.862396 0 0.128044 0.160373 0 0 0 0 
5: 0.0078125 -0.513309 -0.167869 0 0.349379 0.347551 0 0 0 0 
6: 0.0078125 -0.264388 -0.746426 0 0.639579 -0.373554 0 0 0 0 
7: 0.0078125 0.417573 0.310909 0 -0.0583432 -0.00363399 0 0 0 0 
8: 0.0078125 0.154153 0.41177 0 -0.787805 0.105596 0 0 0 0 
9: 0.0078125 -4.6044 1.10861 0 -0.139234 -0.143949 0 0 0 0 
10: 0.0078125 -0.706602 -0.0472532 0 -0.0727336 0.334968 0 0 0 0 
11: 0.0078125 -0.192172 -0.337933 0 -0.901189 -0.475339 0 0 0 0 
12: 0.0078125 0.179866 -0.268977 0 0.223589 -0.0170284 0 0 0 0 
13: 0.0078125 2.96078 -1.41116 0 0.0559445 0.257364 0 0 0 0 
14: 0.0078125 0.172295 0.207404 0 0.0956968 0.253246 0 0 0 0 
15: 0.0078125 -0.514109 0.144286 0 0.208169 0.789467 0 0 0 0 
16: 0.0078125 -0.177585 1.20233 0 0.312979 0.106783 0 0 0 0 
17: 0.0078125 0.448221 0.578203 0 0.214575 -0.474873 0 0 0 0 
18: 0.0078125 -0.0329403 2.75999 0 0.146503 0.150967 0 0 0 0 
19: 0.0078125 0.0113743 0.139806 0 -0.140107 -0.237034 0 0 0 0 
20: 0.0078125 -0.143066 0.451225 0 -0.0682482 0.395516 0 0 0 0 
21: 0.0078125 -0.772185 0.292455 0 -0.283089 -0.0587602 0 0 0 0 
22: 0.0078125 0.0261782 0.18092 0 0.00541864 -0.303779 0 0 0 0 
23: 0.0078125 -0.357691 -0.326914 0 -0.101559 -0.639916 0 0 0 0 
24: 0.0078125 -0.941137 -0.113388 0 0.391073 0.214316 0 0 0 0 
25: 0.0078125 -0.206825 -0.429225 0 -0.636147 -0.506036 0 0 0 0 
26: 0.0078125 -0.281783 0.357202 0 0.110573 -0.205025 0 0 0 0 
27: 0.0078125 0.14681 -0.0808604 0 0.227999 -0.00231039 0 0 0 0 
28: 0.0078125 -0.00283323 0.497696 0 0.309578 -0.454582 0 0 0 0 
29: 0.0078125 -0.364943 0.0668188 0 -0.441061 -0.0287642 0 0 0 0 
30: 0.0078125 -0.593893 -0.457863 0 0.449883 0.156787 0 0 0 0 
31: 0.0078125 0.721056 0.708421 0 0.417303 0.261432 0 0 0 0 
32: 0.0078125 2.79888 -3.81444 0 -0.0788148 -0.11228 0 0 0 0 
33: 0.0078125 -0.264817 0.580976 0 0.204712 0.501081 0 0 0 0 
34: 0.0078125 0.159077 -0.194931 0 0.248306 0.127007 0 0 0 0 
35: 0.0078125 0.384243 -0.474148 0 -0.591088 0.138479 0 0 0 0 
36: 0.0078125 0.891879 -0.981796 0 0.369926 0.0436471 0 0 0 0 
37: 0.0078125 -0.23801 -0.340323 0 -0.683381 -0.537409 0 0 0 0 
38: 0.0078125 -0.54539 0.331053 0 -0.358726 0.405047 0 0 0 0 
39: 0.0078125 0.329465 -0.0716469 0 -0.904883 0.196906 0 0 0 0 
40: 0.0078125 -0.245302 0.0406106 0 -0.948876 -0.0264139 0 0 0 0 
41: 0.0078125 -0.0547374 -0.214788 0 0.373441 0.48664 0 0 0 0 
42: 0.0078125 -0.808209 -0.785836 0 -0.130457 -0.260229 0 0 0 0 
43: 0.0078125 0.130226 0.251818 0 0.72646 0.0983734 0 0 0 0 
44: 0.0078125 0.816609 0.638435 0 0.201578 -0.0997548 0 0 0 0 
45: 0.0078125 0.0335484 0.160705 0 -0.458248 -0.328877 0 0 0 0 
46: 0.0078125 0.289742 0.0851022 0 0.0590116 -0.146066 0 0 0 0 
47: 0.0078125 0.803008 0.235945 0 -0.182219 -0.204981 0 0 0 0 
48: 0.0078125 -0.11325 0.0231081 0 0.422542 -0.281747 0 0 0 0 
49: 0.0078125 0.839393 -0.790337 0 0.0761422 -0.195154 0 0 0 0 
50: 0.0078125 -0.376874 0.196914 0 0.378496 -0.0721329 0 0 0 0 
51: 0.0078125 -0.0851764 -0.633248 0 -0.0371911 0.124373 0 0 0 0 
52: 0.0078125 1.26564 -0.693253 0 -0.0656925 -0.31456 0 0 0 0 
53: 0.0078125 0.540138 0.838819 0 -0.0695378 0.267221 0 0 0 0 
54: 0.0078125 0.718664 -0.866464 0 0.0328011 0.624732 0 0 0 0 
55: 0.0078125 0.0709217 0.289103 0 -0.541128 -0.273111 0 0 0 0 
56: 0.0078125 0.165375 0.253924 0 -0.302709 0.206246 0 0 0 0 
57: 0.0078125 0.30295 0.45103 0 -0.675552 -0.309687 0 0 0 0 
58: 0.0078125 1.91037 1.48552 0 -0.0572668 -0.167331 0 0 0 0 
59: 0.0078125 -0.203928 2.21686 0 0.370893 -0.154465 0 0 0 0 
60: 0.0078125 -0.141565 0.121267 0 -0.324136 1.06391 0 0 0 0 
61: 0.0078125 0.882969 0.318097 0 0.0106645 -0.0603032 0 0 0 0 
62: 0.0078125 1.68156 -0.970704 0 -0.112403 -0.0539148 0 0 0 0 
63: 0.0078125 1.29341 -0.0844446 0 0.151948 0.0359666 0 0 0 0 
64: 0.0078125 0.291916 -0.66188 0 0.484397 0.00628293 0 0 0 0 
65: 0.0078125 -1.71339 0.0747937 0 0.0883908 0.167971 0 0 0 0 
66: 0.0078125 -0.565081 0.567638 0 0.800165 0.147079 0 0 0 0 
67: 0.0078125 -0.0303471 -0.111797 0 0.424151 0.598671 0 0 0 0 
68: 0.0078125 -0.0155903 0.643337 0 -0.786376 -0.700514 0 0 0 0 
69: 0.0078125 -0.588343 0.0779538 0 0.374293 -0.114633 0 0 0 0 
70: 0.0078125 0.355267 0.525516 0 0.824373 0.192267 0 0 0 0 
71: 0.0078125 -0.198203 -0.0887213 0 -1.21444 -0.161621 0 0 0 0 
72: 0.0078125 -0.740972 0.0310601 0 0.387634 0.0924198 0 0 0 0 
73: 0.0078125 0.569375 -0.262927 0 -0.144403 0.290308 0 0 0 0 
74: 0.0078125 0.360238 0.275522 0 0.617527 -0.611949 0 0 0 0 
75: 0.0078125 -0.0064339 0.0887533 0 -0.0160654 0.323666 0 0 0 0 
76: 0.0078125 -1.79199 0.537769 0 -0.0734387 0.062987 0 0 0 0 
77: 0.0078125 0.387556 0.057369 0 0.531833 -0.105745 0 0 0 0 
78: 0.0078125 -0.10987 0.0479845 0 -0.0169497 0.664175 0 0 0 0 
79: 0.0078125 -0.106214 -0.722274 0 0.0282852 -0.0869342 0 0 0 0 
80: 0.0078125 0.342844 -0.542864 0 -0.102149 -0.623591 0 0 0 0 
81: 0.0078125 -0.725277 -0.447739 0 0.334304 -0.515125 0 0 0 0 
82: 0.0078125 0.969074 0.310329 0 -0.383845 -0.242729 0 0 0 0 
83: 0.0078125 -0.232385 0.0059024 0 -0.386223 -0.814792 0 0 0 0 
84: 0.0078125 -0.0367583 -0.334258 0 0.0163862 -0.119574 0 0 0 0 
85: 0.0078125 1.80821 -2.26263 0 0.378456 0.0762455 0 0 0 0 
86: 0.0078125 0.22541 0.634131 0 0.380069 0.33213 0 0 0 0 
87: 0.0078125 0.0552975 0.094628 0 0.368528 -0.245958 0 0 0 0 
88: 0.0078125 -0.179737 -0.28451 0 -0.0659155 0.575576 0 0 0 0 
89: 0.0078125 -0.441753 -0.187676 0 -0.66282 -0.61283 0 0 0 0 
90: 0.0078125 -1.0584 1.07063 0 0.162732 -0.0782579 0 0 0 0 
91: 0.0078125 0.230667 0.562123 0 -0.415535 -0.272224 0 0 0 0 
92: 0.0078125 -0.431271 0.941882 0 -0.428963 0.124475 0 0 0 0 
93: 0.0078125 -0.90623 0.0540758 0 -0.65604 -0.471803 0 0 0 0 
94: 0.0078125 0.283421 0.0618804 0 -0.37221 0.120181 0 0 0 0 
95: 0.0078125 -0.355921 -0.902373 0 0.151032 0.290279 0 0 0 0 
96: 0.0078125 -0.325479 0.195602 0 0.640861 0.337243 0 0 0 0 
97: 0.0078125 -0.632459 -0.804121 0 0.180773 -0.684755 0 0 0 0 
98: 0.0078125 -0.223916 -0.204337 0 -0.287444 0.570525 0 0 0 0 
99: 0.0078125 -0.584846 -0.911429 0 0.132051 -0.284014 0 0 0 0 
100: 0.0078125 -0.842329 -1.01827 0 -0.15094 -0.000502812 0 0 0 0 
101: 0.0078125 -2.09965 0.802379 0 0.111709 -0.804081 0 0 0 0 
102: 0.0078125 0.118922 -0.588657 0 -0.337486 -0.720821 0 0 0 0 
103: 0.0078125 0.191582 -0.275471 0 0.234431 0.285525 0 0 0 0 
104: 0.0078125 -0.0107175 0.324655 0 -0.595578 0.0244533 0 0 0 0 
105: 0.0078125 0.197357 -0.500572 0 -0.708116 0.726939 0 0 0 0 
106: 0.0078125 -0.213168 -0.232943 0 0.613535 0.583002 0 0 0 0 
107: 0.0078125 0.016383 0.643089 0 -0.0746607 0.74576 0 0 0 0 
108: 0.0078125 -2.02546 2.33873 0 -0.201238 -0.063544 0 0 0 0 
109: 0.0078125 -1.37384 -0.345245 0 0.0937159 0.726463 0 0 0 0 
110: 0.0078125 -0.53505 0.194187 0 0.438337 0.321718 0 0 0 0 
111: 0.0078125 0.393129 0.396318 0 -0.232077 0.673534 0 0 0 0 
112: 0.0078125 1.65585 1.51472 0 0.12452 -0.0738437 0 0 0 0 
113: 0.0078125 0.050741 -0.176364 0 -0.0118441 -0.275304 0 0 0 0 
114: 0.0078125 -0.69282 -0.315554 0 -0.124871 -0.0726118 0 0 0 0 
115: 0.0078125 -4.49378 0.158931 0 0.0428135 -0.368193 0 0 0 0 
116: 0.0078125 0.151977 -0.12238 0 0.286413 0.547764 0 0 0 0 
117: 0.0078125 -0.151974 -0.456876 0 -0.0888675 -0.0692045 0 0 0 0 
118: 0.0078125 0.0172932 0.450232 0 0.213424 -0.394811 0 0 0 0 
119: 0.0078125 -0.258719 -0.221393 0 -0.312324 -0.884635 0 0 0 0 
120: 0.0078125 0.336438 -0.0474728 0 0.335346 -0.189319 0 0 0 0 
121: 0.0078125 -0.000520494 -0.0606313 0 0.710945 0.430098 0 0 0 0 
122: 0.0078125 0.554218 -0.381913 0 -0.0101308 -0.750426 0 0 0 0 
123: 0.0078125 0.202166 0.0601055 0 -0.0454595 0.846733 0 0 0 0 
124: 0.0078125 0.320666 0.208203 0 0.366862 -0.183597 0 0 0 0 
125: 0.0078125 0.046223 -0.839237 0 0.469524 -0.378442 0 0 0 0 
126: 0.0078125 -1.59413 -0.316486 0 0.00824341 -0.178253 0 0 0 0 
127: 0.0078125 3.07216 -2.60047 0 0.220359 0.130017 0 0 0 0 
NEW_SLOT
0: 0.0078125 -0.668239 -0.184638 0 -0.106656 -0.119243 0 3.04493e-011 4.12064e-011 0 
1: 0.0078125 5.24565 -0.12197 0 0.388497 0.20792 0 -2.47728e-012 -2.75193e-014 0 
2: 0.0078125 0.649941 0.216864 0 0.0567244 -0.0189743 0 -4.76873e-011 -7.90786e-011 0 
3: 0.0078125 -0.344848 0.68243 0 -0.76996 0.739456 0 4.05109e-011 -3.18574e-011 0 
4: 0.0078125 0.103547 1.02277 0 0.128044 0.160373 0 6.79308e-011 -2.61601e-012 0 
5: 0.0078125 -0.16393 0.179682 0 0.349379 0.347551 0 -1.68743e-010 -9.61504e-010 0 
6: 0.0078125 0.375191 -1.11998 0 0.639579 -0.373554 0 -5.84506e-012 6.22153e-012 0 
7: 0.0078125 0.35923 0.307275 0 -0.0583432 -0.00363399 0 2.90515e-011 6.19815e-011 0 
8: 0.0078125 -0.633652 0.517366 0 -0.787805 0.105596 0 4.36706e-011 -6.25197e-011 0 
9: 0.0078125 -4.74363 0.964661 0 -0.139234 -0.143949 0 2.958e-012 -9.04223e-013 0 
10: 0.0078125 -0.779336 0.287715 0 -0.0727336 0.334968 0 6.62842e-011 -2.29019e-011 0 
11: 0.0078125 -1.09336 -0.813272 0 -0.901189 -0.475339 0 -8.89093e-010 9.71252e-010 0 
12: 0.0078125 0.403455 -0.286005 0 0.223589 -0.0170284 0 -6.05444e-011 1.21687e-010 0 
13: 0.0078125 3.01672 -1.1538 0 0.0559445 0.257364 0 -5.90821e-012 1.70932e-012 0 
14: 0.0078125 0.267992 0.46065 0 0.0956968 0.253246 0 8.6974e-011 2.03453e-013 0 
15: 0.0078125 -0.30594 0.933753 0 0.208169 0.789467 0 4.56265e-011 -5.92521e-011 0 
16: 0.0078125 0.135394 1.30911 0 0.312979 0.106783 0 -1.63566e-011 -4.82046e-011 0 
17: 0.0078125 0.662796 0.10333 0 0.214575 -0.474873 0 -1.46375e-010 -1.31912e-010 0 
18: 0.0078125 0.113563 2.91096 0 0.146503 0.150967 0 -2.93266e-013 -8.60318e-012 0 
19: 0.0078125 -0.128733 -0.097228 0 -0.140107 -0.237034 0 -1.68228e-011 4.89255e-011 0 
20: 0.0078125 -0.211314 0.846741 0 -0.0682482 0.395516 0 1.28508e-012 -3.75713e-011 0 
21: 0.0078125 -1.05527 0.233695 0 -0.283089 -0.0587602 0 3.75379e-011 -1.29669e-011 0 
22: 0.0078125 0.0315968 -0.122859 0 0.00541864 -0.303779 0 -1.52828e-011 3.40801e-011 0 
23: 0.0078125 -0.45925 -0.96683 0 -0.101559 -0.639916 0 1.1593e-010 1.74787e-011 0 
24: 0.0078125 -0.550064 0.100928 0 0.391073 0.214316 0 -2.22171e-010 6.31564e-010 0 
25: 0.0078125 -0.842972 -0.935261 0 -0.636147 -0.506036 0 -5.02583e-011 3.38125e-011 0 
26: 0.0078125 -0.17121 0.152177 0 0.110573 -0.205025 0 2.65824e-010 1.04427e-009 0 
27: 0.0078125 0.374809 -0.0831708 0 0.227999 -0.00231039 0 1.20331e-010 5.27451e-010 0 
28: 0.0078125 0.306745 0.043114 0 0.309578 -0.454582 0 1.16362e-011 -5.68507e-011 0 
29: 0.0078125 -0.806004 0.0380546 0 -0.441061 -0.0287642 0 6.37568e-011 -5.12099e-011 0 
30: 0.0078125 -0.14401 -0.301076 0 0.449883 0.156787 0 -8.94274e-011 -5.16247e-011 0 
31: 0.0078125 1.13836 0.969853 0 0.417303 0.261432 0 -2.0524e-011 -2.60715e-011 0 
32: 0.0078125 2.72007 -3.92672 0 -0.0788148 -0.11228 0 -1.52596e-012 2.70616e-012 0 
33: 0.0078125 -0.060105 1.08206 0 0.204712 0.501081 0 2.66508e-011 -4.73546e-011 0 
34: 0.0078125 0.407383 -0.067924 0 0.248306 0.127007 0 -5.15959e-010 -4.2695e-011 0 
35: 0.0078125 -0.206845 -0.335669 0 -0.591088 0.138479 0 1.36615e-010 8.29268e-011 0 
36: 0.0078125 1.26181 -0.938149 0 0.369926 0.0436471 0 -6.20983e-011 -3.93246e-011 0 
37: 0.0078125 -0.921391 -0.877732 0 -0.683381 -0.537409 0 3.5344e-011 -3.7595e-011 0 
38: 0.0078125 -0.904116 0.7361 0 -0.358726 0.405047 0 3.07085e-011 -1.70469e-011 0 
39: 0.0078125 -0.575418 0.125259 0 -0.904883 0.196906 0 3.98718e-010 -5.9061e-010 0 
40: 0.0078125 -1.19418 0.0141967 0 -0.948876 -0.0264139 0 3.54294e-011 5.54421e-012 0 
41: 0.0078125 0.318704 0.271852 0 0.373441 0.48664 0 1.32674e-010 1.02514e-010 0 
42: 0.0078125 -0.938666 -1.04606 0 -0.130457 -0.260229 0 -9.70978e-011 1.24139e-010 0 
43: 0.0078125 0.856686 0.350191 0 0.72646 0.0983734 0 -5.39695e-011 -6.84229e-011 0 
44: 0.0078125 1.01819 0.53868 0 0.201578 -0.0997548 0 -3.81218e-011 -2.13852e-011 0 
45: 0.0078125 -0.4247 -0.168172 0 -0.458248 -0.328877 0 3.10274e-011 5.12082e-011 0 
46: 0.0078125 0.348754 -0.0609638 0 0.0590116 -0.146066 0 5.35299e-010 -2.5079e-010 0 
47: 0.0078125 0.620789 0.030964 0 -0.182219 -0.204981 0 -5.0004e-011 2.11442e-010 0 
48: 0.0078125 0.309292 -0.258639 0 0.422542 -0.281747 0 5.92869e-011 8.20299e-011 0 
49: 0.0078125 0.915535 -0.985491 0 0.0761422 -0.195154 0 -1.18086e-011 1.99583e-011 0 
50: 0.0078125 0.001622 0.124781 0 0.378496 -0.0721329 0 -7.34728e-011 3.12518e-011 0 
51: 0.0078125 -0.122368 -0.508875 0 -0.0371911 0.124373 0 -9.01745e-012 5.18853e-011 0 
52: 0.0078125 1.19995 -1.00781 0 -0.0656925 -0.31456 0 2.43923e-011 6.58738e-011 0 
53: 0.0078125 0.4706 1.10604 0 -0.0695378 0.267221 0 -1.91377e-011 -4.34295e-011 0 
54: 0.0078125 0.751465 -0.241732 0 0.0328011 0.624732 0 -1.13742e-010 5.44195e-011 0 
55: 0.0078125 -0.470206 0.015992 0 -0.541128 -0.273111 0 2.25486e-011 8.25056e-011 0 
56: 0.0078125 -0.137334 0.46017 0 -0.302709 0.206246 0 9.25735e-011 3.41574e-011 0 
57: 0.0078125 -0.372602 0.141343 0 -0.675552 -0.309687 0 3.60608e-010 -8.72616e-010 0 
58: 0.0078125 1.8531 1.31819 0 -0.0572668 -0.167331 0 -2.43878e-011 1.42963e-011 0 
59: 0.0078125 0.166965 2.06239 0 0.370893 -0.154465 0 -1.5357e-012 -1.64094e-011 0 
60: 0.0078125 -0.465701 1.18518 0 -0.324136 1.06391 0 1.89723e-011 -3.78699e-011 0 
61: 0.0078125 0.893633 0.257794 0 0.0106645 -0.0603032 0 -9.29678e-011 2.85814e-011 0 
62: 0.0078125 1.56916 -1.02462 0 -0.112403 -0.0539148 0 -2.26847e-011 1.04871e-011 0 
63: 0.0078125 1.44536 -0.048478 0 0.151948 0.0359666 0 -3.03157e-011 2.03717e-012 0 
64: 0.0078125 0.776313 -0.655597 0 0.484397 0.00628293 0 -1.99477e-011 2.52771e-011 0 
65: 0.0078125 -1.625 0.242765 0 0.0883908 0.167971 0 2.41686e-011 -5.03707e-012 0 
66: 0.0078125 0.235084 0.714717 0 0.800165 0.147079 0 -1.34723e-011 -4.55572e-011 0 
67: 0.0078125 0.393804 0.486874 0 0.424151 0.598671 0 -5.36602e-011 -1.32911e-010 0 
68: 0.0078125 -0.801966 -0.057177 0 -0.786376 -0.700514 0 5.21696e-011 7.38931e-011 0 
69: 0.0078125 -0.21405 -0.0366792 0 0.374293 -0.114633 0 4.19733e-011 2.87429e-011 0 
70: 0.0078125 1.17964 0.717783 0 0.824373 0.192267 0 -3.46828e-011 -1.58041e-011 0 
71: 0.0078125 -1.41264 -0.250342 0 -1.21444 -0.161621 0 1.85837e-011 -2.5544e-012 0 
72: 0.0078125 -0.353338 0.12348 0 0.387634 0.0924198 0 -3.27705e-010 8.81383e-010 0 
73: 0.0078125 0.424972 0.027381 0 -0.144403 0.290308 0 -3.47419e-010 -1.77742e-009 0 
74: 0.0078125 0.977765 -0.336427 0 0.617527 -0.611949 0 -4.99489e-011 2.67445e-011 0 
75: 0.0078125 -0.0224993 0.412419 0 -0.0160654 0.323666 0 -5.84719e-011 -1.61359e-011 0 
76: 0.0078125 -1.86543 0.600756 0 -0.0734387 0.062987 0 1.82838e-011 -9.80067e-012 0 
77: 0.0078125 0.919389 -0.048376 0 0.531833 -0.105745 0 -7.26767e-011 1.12877e-011 0 
78: 0.0078125 -0.12682 0.712159 0 -0.0169497 0.664175 0 -5.24324e-012 -3.79681e-011 0 
79: 0.0078125 -0.0779288 -0.809208 0 0.0282852 -0.0869342 0 -1.40408e-011 4.62744e-011 0 
80: 0.0078125 0.240695 -1.16645 0 -0.102149 -0.623591 0 2.76354e-011 3.54972e-011 0 
81: 0.0078125 -0.390973 -0.962864 0 0.334304 -0.515125 0 -1.33796e-010 1.30381e-011 0 
82: 0.0078125 0.585229 0.0676 0 -0.383845 -0.242729 0 1.68363e-010 -1.3582e-010 0 
83: 0.0078125 -0.618608 -0.80889 0 -0.386223 -0.814792 0 1.43301e-011 3.70497e-013 0 
84: 0.0078125 -0.0203721 -0.453832 0 0.0163862 -0.119574 0 8.39968e-011 3.75656e-011 0 
85: 0.0078125 2.18667 -2.18638 0 0.378456 0.0762455 0 -4.18622e-012 4.97962e-012 0 
86: 0.0078125 0.605479 0.966261 0 0.380069 0.33213 0 -3.42117e-011 -2.26824e-011 0 
87: 0.0078125 0.423825 -0.15133 0 0.368528 -0.245958 0 -1.12768e-010 2.16738e-010 0 
88: 0.0078125 -0.245652 0.291066 0 -0.0659155 0.575576 0 1.60975e-010 -6.34835e-011 0 
89: 0.0078125 -1.10457 -0.800506 0 -0.66282 -0.61283 0 9.8401e-010 -9.78941e-010 0 
90: 0.0078125 -0.895668 0.992372 0 0.162732 -0.0782579 0 6.02201e-011 3.55574e-011 0 
91: 0.0078125 -0.184868 0.289899 0 -0.415535 -0.272224 0 -8.82601e-011 -9.99613e-011 0 
92: 0.0078125 -0.860234 1.06636 0 -0.428963 0.124475 0 -1.59109e-011 -9.2322e-011 0 
93: 0.0078125 -1.56227 -0.417727 0 -0.65604 -0.471803 0 5.03935e-012 -5.27209e-011 0 
94: 0.0078125 -0.088789 0.182061 0 -0.37221 0.120181 0 -1.18922e-010 -3.44644e-011 0 
95: 0.0078125 -0.204889 -0.612094 0 0.151032 0.290279 0 1.36455e-011 1.10992e-010 0 
96: 0.0078125 0.315382 0.532845 0 0.640861 0.337243 0 6.12671e-012 -1.56259e-010 0 
97: 0.0078125 -0.451686 -1.48888 0 0.180773 -0.684755 0 6.77912e-012 3.89184e-011 0 
98: 0.0078125 -0.51136 0.366188 0 -0.287444 0.570525 0 -2.27589e-011 -7.22106e-011 0 
99: 0.0078125 -0.452795 -1.19544 0 0.132051 -0.284014 0 -8.04631e-012 5.4455e-011 0 
100: 0.0078125 -0.993269 -1.01877 0 -0.15094 -0.000502812 0 1.71447e-010 -8.90452e-013 0 
101: 0.0078125 -1.98794 -0.001702 0 0.111709 -0.804081 0 2.16592e-011 5.25561e-013 0 
102: 0.0078125 -0.218564 -1.30948 0 -0.337486 -0.720821 0 -1.30756e-011 3.37723e-011 0 
103: 0.0078125 0.426013 0.010054 0 0.234431 0.285525 0 1.59799e-010 1.54467e-009 0 
104: 0.0078125 -0.606295 0.349108 0 -0.595578 0.0244533 0 1.01472e-010 -3.87105e-011 0 
105: 0.0078125 -0.510759 0.226367 0 -0.708116 0.726939 0 2.7333e-011 -5.8499e-011 0 
106: 0.0078125 0.400367 0.350059 0 0.613535 0.583002 0 -1.66215e-010 -1.1706e-010 0 
107: 0.0078125 -0.0582777 1.38885 0 -0.0746607 0.74576 0 1.42882e-011 -4.63985e-011 0 
108: 0.0078125 -2.2267 2.27519 0 -0.201238 -0.063544 0 4.5584e-012 -4.90165e-012 0 
109: 0.0078125 -1.28012 0.381218 0 0.0937159 0.726463 0 3.22214e-011 -1.68774e-011 0 
110: 0.0078125 -0.096713 0.515905 0 0.438337 0.321718 0 -4.9412e-011 -1.67737e-010 0 
111: 0.0078125 0.161052 1.06985 0 -0.232077 0.673534 0 -9.39871e-011 -1.01837e-010 0 
112: 0.0078125 1.78037 1.44088 0 0.12452 -0.0738437 0 2.95103e-012 -2.99153e-011 0 
113: 0.0078125 0.0388969 -0.451668 0 -0.0118441 -0.275304 0 -1.81116e-010 3.13827e-011 0 
114: 0.0078125 -0.817691 -0.388166 0 -0.124871 -0.0726118 0 3.16277e-011 2.24089e-011 0 
115: 0.0078125 -4.45097 -0.209262 0 0.0428135 -0.368193 0 3.37937e-012 5.41168e-013 0 
116: 0.0078125 0.43839 0.425384 0 0.286413 0.547764 0 -1.53715e-010 -5.05387e-011 0 
117: 0.0078125 -0.240842 -0.52608 0 -0.0888675 -0.0692045 0 8.13667e-011 3.46293e-012 0 
118: 0.0078125 0.230717 0.055421 0 0.213424 -0.394811 0 1.29529e-010 -2.80185e-011 0 
119: 0.0078125 -0.571043 -1.10603 0 -0.312324 -0.884635 0 3.60299e-011 3.61058e-011 0 
120: 0.0078125 0.671784 -0.236792 0 0.335346 -0.189319 0 1.903e-011 4.41272e-011 0 
121: 0.0078125 0.710425 0.369467 0 0.710945 0.430098 0 -3.37824e-011 -6.31002e-011 0 
122: 0.0078125 0.544087 -1.13234 0 -0.0101308 -0.750426 0 -4.89557e-011 -2.86334e-011 0 
123: 0.0078125 0.156707 0.906839 0 -0.0454595 0.846733 0 -2.0857e-011 -3.44204e-012 0 
124: 0.0078125 0.687528 0.024606 0 0.366862 -0.183597 0 -2.60439e-010 1.12363e-010 0 
125: 0.0078125 0.515747 -1.21768 0 0.469524 -0.378442 0 -8.01601e-012 8.89846e-011 0 
126: 0.0078125 -1.58589 -0.494739 0 0.00824341 -0.178253 0 5.12475e-011 7.74718e-011 0 
127: 0.0078125 3.29252 -2.47045 0 0.220359 0.130017 0 -3.48896e-012 2.50358e-012 0 

ANALYZE:
TOTALTIME_TABLE_START:
THREAD START
0 75449.8122014541440000

TOTALTIME_TABLE_END:
THREAD END
0 75450.0155100755070000

PARALLELTIME_START:
THREAD S0 S1 S2 S3 S4 S5 S6 S7 S8 S9 S10 S11 S12 S13 S14 S15 S16 S17 S18 S19 S20 S21 S22 S23 S24 S25 S26 S27 S28 S29 S30 S31 S32 S33 S34 S35 S36 S37 S38 S39 S40 S41 S42 S43 S44 S45 S46 S47 S48 S49 S50 S51 S52 S53 S54 S55 S56 S57 S58 S59 S60 S61 S62 S63 S64 S65 S66 S67 S68 S69 S70 S71 S72 S73 S74 S75 S76 S77 S78 S79 S80 S81 S82 S83 S84 S85 S86 S87 S88 S89 S90 S91 S92 S93 S94 S95 S96 S97 S98 S99 
0 0.0000000000000000 0.0000000000000000 0.0000000000000000 0.0000000000000000 0.0000000000000000 0.0000000000000000 0.0000000000000000 0.0000000000000000 0.0000000000000000 0.0000000000000000 0.0000000000000000 0.0000000000000000 0.0000000000000000 0.0000000000000000 0.0000000000000000 0.0000000000000000 0.0000000000000000 0.0000000000000000 0.0000000000000000 0.0000000000000000 0.0000000000000000 0.0000000000000000 0.0000000000000000 0.0000000000000000 0.0000000000000000 0.0000000000000000 0.0000000000000000 0.0000000000000000 0.0000000000000000 0.0000000000000000 0.0000000000000000 0.0000000000000000 0.0000000000000000 0.0000000000000000 0.0000000000000000 0.0000000000000000 0.0000000000000000 0.0000000000000000 0.0000000000000000 0.0000000000000000 0.0000000000000000 0.0000000000000000 0.0000000000000000 0.0000000000000000 0.0000000000000000 0.0000000000000000 0.0000000000000000 0.0000000000000000 0.0000000000000000 0.0000000000000000 0.0000000000000000 0.0000000000000000 0.0000000000000000 0.0000000000000000 0.0000000000000000 0.0000000000000000 0.0000000000000000 0.0000000000000000 0.0000000000000000 0.0000000000000000 0.0000000000000000 0.0000000000000000 0.0000000000000000 0.0000000000000000 0.0000000000000000 0.0000000000000000 0.0000000000000000 0.0000000000000000 0.0000000000000000 0.0000000000000000 0.0000000000000000 0.0000000000000000 0.0000000000000000 0.0000000000000000 0.0000000000000000 0.0000000000000000 0.0000000000000000 0.0000000000000000 0.0000000000000000 0.0000000000000000 0.0000000000000000 0.0000000000000000 0.0000000000000000 0.0000000000000000 0.0000000000000000 0.0000000000000000 0.0000000000000000 0.0000000000000000 0.0000000000000000 0.0000000000000000 0.0000000000000000 0.0000000000000000 0.0000000000000000 0.0000000000000000 0.0000000000000000 0.0000000000000000 0.0000000000000000 0.0000000000000000 0.0000000000000000 0.0000000000000000 

PARALLELTIME_END:
THREAD S0 S1 S2 S3 S4 S5 S6 S7 S8 S9 S10 S11 S12 S13 S14 S15 S16 S17 S18 S19 S20 S21 S22 S23 S24 S25 S26 S27 S28 S29 S30 S31 S32 S33 S34 S35 S36 S37 S38 S39 S40 S41 S42 S43 S44 S45 S46 S47 S48 S49 S50 S51 S52 S53 S54 S55 S56 S57 S58 S59 S60 S61 S62 S63 S64 S65 S66 S67 S68 S69 S70 S71 S72 S73 S74 S75 S76 S77 S78 S79 S80 S81 S82 S83 S84 S85 S86 S87 S88 S89 S90 S91 S92 S93 S94 S95 S96 S97 S98 S99 
0 0.0000000000000000 0.0000000000000000 0.0000000000000000 0.0000000000000000 0.0000000000000000 0.0000000000000000 0.0000000000000000 0.0000000000000000 0.0000000000000000 0.0000000000000000 0.0000000000000000 0.0000000000000000 0.0000000000000000 0.0000000000000000 0.0000000000000000 0.0000000000000000 0.0000000000000000 0.0000000000000000 0.0000000000000000 0.0000000000000000 0.0000000000000000 0.0000000000000000 0.0000000000000000 0.0000000000000000 0.0000000000000000 0.0000000000000000 0.0000000000000000 0.0000000000000000 0.0000000000000000 0.0000000000000000 0.0000000000000000 0.0000000000000000 0.0000000000000000 0.0000000000000000 0.0000000000000000 0.0000000000000000 0.0000000000000000 0.0000000000000000 0.0000000000000000 0.0000000000000000 0.0000000000000000 0.0000000000000000 0.0000000000000000 0.0000000000000000 0.0000000000000000 0.0000000000000000 0.0000000000000000 0.0000000000000000 0.0000000000000000 0.0000000000000000 0.0000000000000000 0.0000000000000000 0.0000000000000000 0.0000000000000000 0.0000000000000000 0.0000000000000000 0.0000000000000000 0.0000000000000000 0.0000000000000000 0.0000000000000000 0.0000000000000000 0.0000000000000000 0.0000000000000000 0.0000000000000000 0.0000000000000000 0.0000000000000000 0.0000000000000000 0.0000000000000000 0.0000000000000000 0.0000000000000000 0.0000000000000000 0.0000000000000000 0.0000000000000000 0.0000000000000000 0.0000000000000000 0.0000000000000000 0.0000000000000000 0.0000000000000000 0.0000000000000000 0.0000000000000000 0.0000000000000000 0.0000000000000000 0.0000000000000000 0.0000000000000000 0.0000000000000000 0.0000000000000000 0.0000000000000000 0.0000000000000000 0.0000000000000000 0.0000000000000000 0.0000000000000000 0.0000000000000000 0.0000000000000000 0.0000000000000000 0.0000000000000000 0.0000000000000000 0.0000000000000000 0.0000000000000000 0.0000000000000000 0.0000000000000000 

SOLOTIME_START_PART1:
THREAD S0 S1 S2 S3 S4 S5 S6 S7 S8 S9 S10 S11 S12 S13 S14 S15 S16 S17 S18 S19 S20 S21 S22 S23 S24 S25 S26 S27 S28 S29 S30 S31 S32 S33 S34 S35 S36 S37 S38 S39 S40 S41 S42 S43 S44 S45 S46 S47 S48 S49 S50 S51 S52 S53 S54 S55 S56 S57 S58 S59 S60 S61 S62 S63 S64 S65 S66 S67 S68 S69 S70 S71 S72 S73 S74 S75 S76 S77 S78 S79 S80 S81 S82 S83 S84 S85 S86 S87 S88 S89 S90 S91 S92 S93 S94 S95 S96 S97 S98 S99 
0 0.0000000000000000 0.0000000000000000 0.0000000000000000 0.0000000000000000 0.0000000000000000 0.0000000000000000 0.0000000000000000 0.0000000000000000 0.0000000000000000 0.0000000000000000 0.0000000000000000 0.0000000000000000 0.0000000000000000 0.0000000000000000 0.0000000000000000 0.0000000000000000 0.0000000000000000 0.0000000000000000 0.0000000000000000 0.0000000000000000 0.0000000000000000 0.0000000000000000 0.0000000000000000 0.0000000000000000 0.0000000000000000 0.0000000000000000 0.0000000000000000 0.0000000000000000 0.0000000000000000 0.0000000000000000 0.0000000000000000 0.0000000000000000 0.0000000000000000 0.0000000000000000 0.0000000000000000 0.0000000000000000 0.0000000000000000 0.0000000000000000 0.0000000000000000 0.0000000000000000 0.0000000000000000 0.0000000000000000 0.0000000000000000 0.0000000000000000 0.0000000000000000 0.0000000000000000 0.0000000000000000 0.0000000000000000 0.0000000000000000 0.0000000000000000 0.0000000000000000 0.0000000000000000 0.0000000000000000 0.0000000000000000 0.0000000000000000 0.0000000000000000 0.0000000000000000 0.0000000000000000 0.0000000000000000 0.0000000000000000 0.0000000000000000 0.0000000000000000 0.0000000000000000 0.0000000000000000 0.0000000000000000 0.0000000000000000 0.0000000000000000 0.0000000000000000 0.0000000000000000 0.0000000000000000 0.0000000000000000 0.0000000000000000 0.0000000000000000 0.0000000000000000 0.0000000000000000 0.0000000000000000 0.0000000000000000 0.0000000000000000 0.0000000000000000 0.0000000000000000 0.0000000000000000 0.0000000000000000 0.0000000000000000 0.0000000000000000 0.0000000000000000 0.0000000000000000 0.0000000000000000 0.0000000000000000 0.0000000000000000 0.0000000000000000 0.0000000000000000 0.0000000000000000 0.0000000000000000 0.0000000000000000 0.0000000000000000 0.0000000000000000 0.0000000000000000 0.0000000000000000 0.0000000000000000 0.0000000000000000 

SOLOTIME_END_PART1:
THREAD S0 S1 S2 S3 S4 S5 S6 S7 S8 S9 S10 S11 S12 S13 S14 S15 S16 S17 S18 S19 S20 S21 S22 S23 S24 S25 S26 S27 S28 S29 S30 S31 S32 S33 S34 S35 S36 S37 S38 S39 S40 S41 S42 S43 S44 S45 S46 S47 S48 S49 S50 S51 S52 S53 S54 S55 S56 S57 S58 S59 S60 S61 S62 S63 S64 S65 S66 S67 S68 S69 S70 S71 S72 S73 S74 S75 S76 S77 S78 S79 S80 S81 S82 S83 S84 S85 S86 S87 S88 S89 S90 S91 S92 S93 S94 S95 S96 S97 S98 S99 
0 0.0000000000000000 0.0000000000000000 0.0000000000000000 0.0000000000000000 0.0000000000000000 0.0000000000000000 0.0000000000000000 0.0000000000000000 0.0000000000000000 0.0000000000000000 0.0000000000000000 0.0000000000000000 0.0000000000000000 0.0000000000000000 0.0000000000000000 0.0000000000000000 0.0000000000000000 0.0000000000000000 0.0000000000000000 0.0000000000000000 0.0000000000000000 0.0000000000000000 0.0000000000000000 0.0000000000000000 0.0000000000000000 0.0000000000000000 0.0000000000000000 0.0000000000000000 0.0000000000000000 0.0000000000000000 0.0000000000000000 0.0000000000000000 0.0000000000000000 0.0000000000000000 0.0000000000000000 0.0000000000000000 0.0000000000000000 0.0000000000000000 0.0000000000000000 0.0000000000000000 0.0000000000000000 0.0000000000000000 0.0000000000000000 0.0000000000000000 0.0000000000000000 0.0000000000000000 0.0000000000000000 0.0000000000000000 0.0000000000000000 0.0000000000000000 0.0000000000000000 0.0000000000000000 0.0000000000000000 0.0000000000000000 0.0000000000000000 0.0000000000000000 0.0000000000000000 0.0000000000000000 0.0000000000000000 0.0000000000000000 0.0000000000000000 0.0000000000000000 0.0000000000000000 0.0000000000000000 0.0000000000000000 0.0000000000000000 0.0000000000000000 0.0000000000000000 0.0000000000000000 0.0000000000000000 0.0000000000000000 0.0000000000000000 0.0000000000000000 0.0000000000000000 0.0000000000000000 0.0000000000000000 0.0000000000000000 0.0000000000000000 0.0000000000000000 0.0000000000000000 0.0000000000000000 0.0000000000000000 0.0000000000000000 0.0000000000000000 0.0000000000000000 0.0000000000000000 0.0000000000000000 0.0000000000000000 0.0000000000000000 0.0000000000000000 0.0000000000000000 0.0000000000000000 0.0000000000000000 0.0000000000000000 0.0000000000000000 0.0000000000000000 0.0000000000000000 0.0000000000000000 0.0000000000000000 0.0000000000000000 

SOLOTIME_START_PART2:
THREAD S0 S1 S2 S3 S4 S5 S6 S7 S8 S9 S10 S11 S12 S13 S14 S15 S16 S17 S18 S19 S20 S21 S22 S23 S24 S25 S26 S27 S28 S29 S30 S31 S32 S33 S34 S35 S36 S37 S38 S39 S40 S41 S42 S43 S44 S45 S46 S47 S48 S49 S50 S51 S52 S53 S54 S55 S56 S57 S58 S59 S60 S61 S62 S63 S64 S65 S66 S67 S68 S69 S70 S71 S72 S73 S74 S75 S76 S77 S78 S79 S80 S81 S82 S83 S84 S85 S86 S87 S88 S89 S90 S91 S92 S93 S94 S95 S96 S97 S98 S99 
0 0.0000000000000000 0.0000000000000000 0.0000000000000000 0.0000000000000000 0.0000000000000000 0.0000000000000000 0.0000000000000000 0.0000000000000000 0.0000000000000000 0.0000000000000000 0.0000000000000000 0.0000000000000000 0.0000000000000000 0.0000000000000000 0.0000000000000000 0.0000000000000000 0.0000000000000000 0.0000000000000000 0.0000000000000000 0.0000000000000000 0.0000000000000000 0.0000000000000000 0.0000000000000000 0.0000000000000000 0.0000000000000000 0.0000000000000000 0.0000000000000000 0.0000000000000000 0.0000000000000000 0.0000000000000000 0.0000000000000000 0.0000000000000000 0.0000000000000000 0.0000000000000000 0.0000000000000000 0.0000000000000000 0.0000000000000000 0.0000000000000000 0.0000000000000000 0.0000000000000000 0.0000000000000000 0.0000000000000000 0.0000000000000000 0.0000000000000000 0.0000000000000000 0.0000000000000000 0.0000000000000000 0.0000000000000000 0.0000000000000000 0.0000000000000000 0.0000000000000000 0.0000000000000000 0.0000000000000000 0.0000000000000000 0.0000000000000000 0.0000000000000000 0.0000000000000000 0.0000000000000000 0.0000000000000000 0.0000000000000000 0.0000000000000000 0.0000000000000000 0.0000000000000000 0.0000000000000000 0.0000000000000000 0.0000000000000000 0.0000000000000000 0.0000000000000000 0.0000000000000000 0.0000000000000000 0.0000000000000000 0.0000000000000000 0.0000000000000000 0.0000000000000000 0.0000000000000000 0.0000000000000000 0.0000000000000000 0.0000000000000000 0.0000000000000000 0.0000000000000000 0.0000000000000000 0.0000000000000000 0.0000000000000000 0.0000000000000000 0.0000000000000000 0.0000000000000000 0.0000000000000000 0.0000000000000000 0.0000000000000000 0.0000000000000000 0.0000000000000000 0.0000000000000000 0.0000000000000000 0.0000000000000000 0.0000000000000000 0.0000000000000000 0.0000000000000000 0.0000000000000000 0.0000000000000000 0.0000000000000000 

SOLOTIME_END_PART2:
THREAD S0 S1 S2 S3 S4 S5 S6 S7 S8 S9 S10 S11 S12 S13 S14 S15 S16 S17 S18 S19 S20 S21 S22 S23 S24 S25 S26 S27 S28 S29 S30 S31 S32 S33 S34 S35 S36 S37 S38 S39 S40 S41 S42 S43 S44 S45 S46 S47 S48 S49 S50 S51 S52 S53 S54 S55 S56 S57 S58 S59 S60 S61 S62 S63 S64 S65 S66 S67 S68 S69 S70 S71 S72 S73 S74 S75 S76 S77 S78 S79 S80 S81 S82 S83 S84 S85 S86 S87 S88 S89 S90 S91 S92 S93 S94 S95 S96 S97 S98 S99 
0 0.0000000000000000 0.0000000000000000 0.0000000000000000 0.0000000000000000 0.0000000000000000 0.0000000000000000 0.0000000000000000 0.0000000000000000 0.0000000000000000 0.0000000000000000 0.0000000000000000 0.0000000000000000 0.0000000000000000 0.0000000000000000 0.0000000000000000 0.0000000000000000 0.0000000000000000 0.0000000000000000 0.0000000000000000 0.0000000000000000 0.0000000000000000 0.0000000000000000 0.0000000000000000 0.0000000000000000 0.0000000000000000 0.0000000000000000 0.0000000000000000 0.0000000000000000 0.0000000000000000 0.0000000000000000 0.0000000000000000 0.0000000000000000 0.0000000000000000 0.0000000000000000 0.0000000000000000 0.0000000000000000 0.0000000000000000 0.0000000000000000 0.0000000000000000 0.0000000000000000 0.0000000000000000 0.0000000000000000 0.0000000000000000 0.0000000000000000 0.0000000000000000 0.0000000000000000 0.0000000000000000 0.0000000000000000 0.0000000000000000 0.0000000000000000 0.0000000000000000 0.0000000000000000 0.0000000000000000 0.0000000000000000 0.0000000000000000 0.0000000000000000 0.0000000000000000 0.0000000000000000 0.0000000000000000 0.0000000000000000 0.0000000000000000 0.0000000000000000 0.0000000000000000 0.0000000000000000 0.0000000000000000 0.0000000000000000 0.0000000000000000 0.0000000000000000 0.0000000000000000 0.0000000000000000 0.0000000000000000 0.0000000000000000 0.0000000000000000 0.0000000000000000 0.0000000000000000 0.0000000000000000 0.0000000000000000 0.0000000000000000 0.0000000000000000 0.0000000000000000 0.0000000000000000 0.0000000000000000 0.0000000000000000 0.0000000000000000 0.0000000000000000 0.0000000000000000 0.0000000000000000 0.0000000000000000 0.0000000000000000 0.0000000000000000 0.0000000000000000 0.0000000000000000 0.0000000000000000 0.0000000000000000 0.0000000000000000 0.0000000000000000 0.0000000000000000 0.0000000000000000 0.0000000000000000 0.0000000000000000 



SUMMARY
"TIME_PER_SLOT" "NONE_PARALLEL_FRACTION" "DIFFERENCE_PARALLEL_SECTION"
"1" 0.00203308621363249 NA 0
