METHOD: BarnesHutMultiThreads NUMBER_OF_THREADS: 3 NUMBER_OF_PARTICLE: 10  NUMBER_OF_SLOT: 20  DELTA_TIME: 1 ACCURACY: 0.2
DATE:Mon Dec 15 09:01:12 2014


ANALYZE:
TOTALTIME_TABLE_START:
THREAD START
0 5208122.5303102788000000
1 5208122.5213076212000000
2 5208122.5238246405000000

TOTALTIME_TABLE_END:
THREAD END
0 5208123.3277639057000000
1 5208123.3277653689000000
2 5208123.3277643938000000

PARALLELTIME_START:
THREAD S0 S1 S2 S3 S4 S5 S6 S7 S8 S9 S10 S11 S12 S13 S14 S15 S16 S17 S18 S19 
0 5208122.5594500601000000 5208122.6168572968000000 5208122.6785520464000000 5208122.7254148182000000 5208122.7697225381000000 5208122.8122963337000000 5208122.8554211231000000 5208122.8949527489000000 5208122.9365391443000000 5208122.9736502972000000 5208123.0085340692000000 5208123.0444583902000000 5208123.0797673538000000 5208123.1138109826000000 5208123.1457642466000000 5208123.1803842233000000 5208123.2146160677000000 5208123.2477717660000000 5208123.2805451825000000 5208123.3127671173000000 
1 5208122.5594529854000000 5208122.6168909408000000 5208122.6785564348000000 5208122.7254148182000000 5208122.7697249763000000 5208122.8122934084000000 5208122.8554216111000000 5208122.8949498236000000 5208122.9365367061000000 5208122.9736498091000000 5208123.0085340692000000 5208123.0444613164000000 5208123.0797702800000000 5208123.1138114696000000 5208123.1457647337000000 5208123.1803837363000000 5208123.2146189930000000 5208123.2477746913000000 5208123.2805481078000000 5208123.3127700426000000 
2 5208122.5594500601000000 5208122.6168538835000000 5208122.6785530224000000 5208122.7254196946000000 5208122.7697220510000000 5208122.8122934084000000 5208122.8554259995000000 5208122.8949498236000000 5208122.9365357310000000 5208122.9736537104000000 5208123.0085374825000000 5208123.0444579031000000 5208123.0797678418000000 5208123.1138148829000000 5208123.1457671719000000 5208123.1803866616000000 5208123.2146160677000000 5208123.2477722540000000 5208123.2805446945000000 5208123.3127666293000000 

PARALLELTIME_END:
THREAD S0 S1 S2 S3 S4 S5 S6 S7 S8 S9 S10 S11 S12 S13 S14 S15 S16 S17 S18 S19 
0 5208122.5774183152000000 5208122.6320496155000000 5208122.6900946395000000 5208122.7371383132000000 5208122.7817522492000000 5208122.8248141380000000 5208122.8669198323000000 5208122.9056654377000000 5208122.9479047358000000 5208122.9833214609000000 5208123.0174694359000000 5208123.0534464195000000 5208123.0875451472000000 5208123.1224206295000000 5208123.1549322018000000 5208123.1887115473000000 5208123.2235485092000000 5208123.2560859248000000 5208123.2888139933000000 5208123.3210300766000000 
1 5208122.5806511389000000 5208122.6335572908000000 5208122.6920991857000000 5208122.7382622436000000 5208122.7820657799000000 5208122.8250359977000000 5208122.8671675352000000 5208122.9070790056000000 5208122.9487083098000000 5208122.9852577411000000 5208123.0196636599000000 5208123.0558220325000000 5208123.0899495287000000 5208123.1249044910000000 5208123.1561619425000000 5208123.1907716794000000 5208123.2251907643000000 5208123.2579378495000000 5208123.2907176046000000 5208123.3223261312000000 
2 5208122.5807018494000000 5208122.6342999144000000 5208122.6919129202000000 5208122.7385518812000000 5208122.7822574079000000 5208122.8251510728000000 5208122.8666818803000000 5208122.9071155759000000 5208122.9486356564000000 5208122.9851543689000000 5208123.0202546380000000 5208123.0560268266000000 5208123.0897696018000000 5208123.1246665390000000 5208123.1564857122000000 5208123.1909038210000000 5208123.2252302598000000 5208123.2580251312000000 5208123.2908351170000000 5208123.3224402312000000 

SOLOTIME_START_PART1:
THREAD S0 S1 S2 S3 S4 S5 S6 S7 S8 S9 S10 S11 S12 S13 S14 S15 S16 S17 S18 S19 
0 0.0000000000000000 0.0000000000000000 0.0000000000000000 5208122.7021677475000000 0.0000000000000000 0.0000000000000000 0.0000000000000000 0.0000000000000000 0.0000000000000000 0.0000000000000000 5208122.9953765273000000 0.0000000000000000 0.0000000000000000 0.0000000000000000 5208123.1344713075000000 0.0000000000000000 0.0000000000000000 0.0000000000000000 0.0000000000000000 0.0000000000000000 
1 5208122.5278712763000000 5208122.5904154358000000 5208122.6550124129000000 0.0000000000000000 0.0000000000000000 5208122.7926702201000000 0.0000000000000000 5208122.8776266696000000 0.0000000000000000 5208122.9587305496000000 0.0000000000000000 5208123.0297809830000000 5208123.0657794205000000 5208123.0998537680000000 0.0000000000000000 0.0000000000000000 5208123.2007349189000000 5208123.2349243416000000 5208123.2676787404000000 5208123.3006125791000000 
2 0.0000000000000000 0.0000000000000000 0.0000000000000000 0.0000000000000000 5208122.7486745678000000 0.0000000000000000 5208122.8352157343000000 0.0000000000000000 5208122.9172324110000000 0.0000000000000000 0.0000000000000000 0.0000000000000000 0.0000000000000000 0.0000000000000000 0.0000000000000000 5208123.1664157938000000 0.0000000000000000 0.0000000000000000 0.0000000000000000 0.0000000000000000 

SOLOTIME_END_PART1:
THREAD S0 S1 S2 S3 S4 S5 S6 S7 S8 S9 S10 S11 S12 S13 S14 S15 S16 S17 S18 S19 
0 0.0000000000000000 0.0000000000000000 0.0000000000000000 5208122.7253816612000000 0.0000000000000000 0.0000000000000000 0.0000000000000000 0.0000000000000000 0.0000000000000000 0.0000000000000000 5208123.0085043246000000 0.0000000000000000 0.0000000000000000 0.0000000000000000 5208123.1457393784000000 0.0000000000000000 0.0000000000000000 0.0000000000000000 0.0000000000000000 0.0000000000000000 
1 5208122.5594188534000000 5208122.6168134119000000 5208122.6785169393000000 0.0000000000000000 0.0000000000000000 5208122.8122626888000000 0.0000000000000000 5208122.8949234933000000 0.0000000000000000 5208122.9736181153000000 0.0000000000000000 5208123.0444271835000000 5208123.0797380982000000 5208123.1137714861000000 0.0000000000000000 0.0000000000000000 5208123.2145887613000000 5208123.2477405593000000 5208123.2805178761000000 5208123.3127393229000000 
2 0.0000000000000000 0.0000000000000000 0.0000000000000000 0.0000000000000000 5208122.7696884060000000 0.0000000000000000 5208122.8553850409000000 0.0000000000000000 5208122.9365064744000000 0.0000000000000000 0.0000000000000000 0.0000000000000000 0.0000000000000000 0.0000000000000000 0.0000000000000000 5208123.1803530166000000 0.0000000000000000 0.0000000000000000 0.0000000000000000 0.0000000000000000 

SOLOTIME_START_PART2:
THREAD S0 S1 S2 S3 S4 S5 S6 S7 S8 S9 S10 S11 S12 S13 S14 S15 S16 S17 S18 S19 
0 5208122.5845856266000000 5208122.6473028846000000 0.0000000000000000 5208122.7429695856000000 5208122.7867175341000000 0.0000000000000000 0.0000000000000000 0.0000000000000000 0.0000000000000000 0.0000000000000000 5208123.0244553573000000 5208123.0602446124000000 0.0000000000000000 0.0000000000000000 5208123.1607820028000000 5208123.1950006811000000 5208123.2295094840000000 5208123.2621395448000000 5208123.2950207209000000 0.0000000000000000 
1 0.0000000000000000 0.0000000000000000 0.0000000000000000 0.0000000000000000 0.0000000000000000 5208122.8295039255000000 0.0000000000000000 5208122.9114323463000000 0.0000000000000000 0.0000000000000000 0.0000000000000000 0.0000000000000000 0.0000000000000000 0.0000000000000000 0.0000000000000000 0.0000000000000000 0.0000000000000000 0.0000000000000000 0.0000000000000000 5208123.3269847129000000 
2 0.0000000000000000 0.0000000000000000 5208122.6963223349000000 0.0000000000000000 0.0000000000000000 0.0000000000000000 5208122.8717368850000000 0.0000000000000000 5208122.9531786749000000 5208122.9896296104000000 0.0000000000000000 0.0000000000000000 5208123.0942141246000000 5208123.1290842434000000 0.0000000000000000 0.0000000000000000 0.0000000000000000 0.0000000000000000 0.0000000000000000 0.0000000000000000 

SOLOTIME_END_PART2:
THREAD S0 S1 S2 S3 S4 S5 S6 S7 S8 S9 S10 S11 S12 S13 S14 S15 S16 S17 S18 S19 
0 5208122.5855983822000000 5208122.6483190544000000 0.0000000000000000 5208122.7439452838000000 5208122.7877117619000000 0.0000000000000000 0.0000000000000000 0.0000000000000000 0.0000000000000000 0.0000000000000000 5208123.0251682363000000 5208123.0609672433000000 0.0000000000000000 0.0000000000000000 5208123.1614295421000000 5208123.1956384685000000 5208123.2301638508000000 5208123.2627763571000000 5208123.2956521707000000 0.0000000000000000 
1 0.0000000000000000 0.0000000000000000 0.0000000000000000 0.0000000000000000 0.0000000000000000 5208122.8303113999000000 0.0000000000000000 5208122.9122325061000000 0.0000000000000000 0.0000000000000000 0.0000000000000000 0.0000000000000000 0.0000000000000000 0.0000000000000000 0.0000000000000000 0.0000000000000000 0.0000000000000000 0.0000000000000000 0.0000000000000000 5208123.3277595174000000 
2 0.0000000000000000 0.0000000000000000 5208122.6973238764000000 0.0000000000000000 0.0000000000000000 0.0000000000000000 5208122.8727077069000000 0.0000000000000000 5208122.9541324312000000 5208122.9906014083000000 0.0000000000000000 0.0000000000000000 5208123.0951200956000000 5208123.1298853792000000 0.0000000000000000 0.0000000000000000 0.0000000000000000 0.0000000000000000 0.0000000000000000 0.0000000000000000 

